 1.0955800000000000E+01, 7.1228034410400000E-04, 0.0000000000000000E+00,    6,    6,    1, 0.0000000000000000E+00, 0.0000000000000000E+00
    0    0  1.0000000000000000E+00  0.0000000000000000E+00 0.0000000000000000E+00 0.0000000000000000E+00    
    1    0  0.0000000000000000E+00  0.0000000000000000E+00 0.0000000000000000E+00 0.0000000000000000E+00  
    1    1  0.0000000000000000E+00  0.0000000000000000E+00 0.0000000000000000E+00 0.0000000000000000E+00  
    2    0 -4.8034629339716730E-02  0.0000000000000000E+00 0.0000000000000000E+00 0.0000000000000000E+00
    2    1  1.3465939462032490E-03 -5.5701918674221440E-04 0.0000000000000000E+00 0.0000000000000000E+00
    2    2  2.5017114350244580E-02  1.1362635552410660E-03 0.0000000000000000E+00 0.0000000000000000E+00
    3    0  4.6489185012012190E-03  0.0000000000000000E+00 0.0000000000000000E+00 0.0000000000000000E+00
    3    1 -6.2009764899377270E-03  2.4614790443582170E-03 0.0000000000000000E+00 0.0000000000000000E+00
    3    2 -8.8931264821392660E-03  2.6339014311852480E-04 0.0000000000000000E+00 0.0000000000000000E+00
    3    3  2.7034688424224290E-03 -1.3399432033832130E-02 0.0000000000000000E+00 0.0000000000000000E+00
    4    0  7.6425081494108220E-03  0.0000000000000000E+00 0.0000000000000000E+00 0.0000000000000000E+00
    4    1  3.7253476690215070E-03 -6.4335350252019210E-04 0.0000000000000000E+00 0.0000000000000000E+00
    4    2 -2.1221497634239650E-03 -1.5525060055316240E-03 0.0000000000000000E+00 0.0000000000000000E+00
    4    3 -3.7188129346271900E-03  2.7413952437808410E-03 0.0000000000000000E+00 0.0000000000000000E+00
    4    4  8.8769253204388980E-04  9.5150753868804350E-04 0.0000000000000000E+00 0.0000000000000000E+00
    5    0  6.8608838496908480E-04  0.0000000000000000E+00 0.0000000000000000E+00 0.0000000000000000E+00
    5    1 -7.2929441453344560E-05 -1.2023122576655900E-03 0.0000000000000000E+00 0.0000000000000000E+00
    5    2  2.3171163665482130E-03  8.8340450094299530E-05 0.0000000000000000E+00 0.0000000000000000E+00
    5    3  4.6450170206086940E-04  2.8732951642222440E-03 0.0000000000000000E+00 0.0000000000000000E+00
    5    4 -2.1536466952981680E-03  3.3544794356226590E-04 0.0000000000000000E+00 0.0000000000000000E+00
    5    5  1.5459504064560410E-04 -2.8591801076109050E-03 0.0000000000000000E+00 0.0000000000000000E+00
    6    0 -1.6433457483318530E-03  0.0000000000000000E+00 0.0000000000000000E+00 0.0000000000000000E+00
    6    1 -2.3443348419362500E-03  6.1157979247069360E-04 0.0000000000000000E+00 0.0000000000000000E+00
    6    2 -8.1543243594860300E-05  9.1957831295879860E-04 0.0000000000000000E+00 0.0000000000000000E+00
    6    3  2.1513875250584820E-03 -1.6851553310679150E-03 0.0000000000000000E+00 0.0000000000000000E+00
    6    4 -4.1423888436463670E-04  1.1401880481942340E-04 0.0000000000000000E+00 0.0000000000000000E+00
    6    5 -5.3056650380111860E-04  9.9397366782147870E-04 0.0000000000000000E+00 0.0000000000000000E+00
    6    6 -3.0658118229083180E-03 -1.6018211158936480E-03 0.0000000000000000E+00 0.0000000000000000E+00
