 0.6062108417503079E+01  0.9800000000000000E-04  0.000E0  4  4  0  0.000E0  0.000E0

0    0   1.0000000000000000E+00  0.0000000000000000E+00
1    0   0.0000000000000000E+00  0.0000000000000000E+00
1    1   0.0000000000000000E+00  0.0000000000000000E+00
2    0  -0.1071589164059463E+00  0.0000000000000000E+00
2    1   0.0000000000000000E+00  0.0000000000000000E+00
2    2   0.2590535510880167E-01  0.0000000000000000E+00
3    0   0.0000000000000000E+00  0.0000000000000000E+00
3    1   0.0000000000000000E+00  0.0000000000000000E+00
3    2   0.0000000000000000E+00  0.0000000000000000E+00
3    3   0.0000000000000000E+00  0.0000000000000000E+00
4    0   0.2748258902554892E-01  0.0000000000000000E+00
4    1   0.0000000000000000E+00  0.0000000000000000E+00
4    2  -0.1982849844693167E-02  0.0000000000000000E+00
4    3   0.0000000000000000E+00  0.0000000000000000E+00
4    4   0.1198370398773423E-03  0.0000000000000000E+00


