 3.3970000000000000E+03 4.2828371901284001E+04 7.3999999999999996E-05   80   80    1 0.0000000000000000E+00 0.0000000000000000E+00
    0    0  1.0000000000000000E+00  0.0000000000000000E+00 0.e0 0.e0
    1    0  0.0000000000000000E+00  0.0000000000000000E+00 0.e0 0.e0
    1    1  0.0000000000000000E+00  0.0000000000000000E+00 0.e0 0.e0
    2    0 -8.7450547081842009E-04  0.0000000000000000E+00 0.e0 0.e0
    2    1  1.3938449166781359E-10  1.7044280642328221E-10 0.e0 0.e0
    2    2 -8.4177519807822603E-05  4.9605348841412452E-05 0.e0 0.e0
    3    0 -1.1886910646015641E-05  0.0000000000000000E+00 0.e0 0.e0
    3    1  3.9053442315700724E-06  2.5139324037413419E-05 0.e0 0.e0
    3    2 -1.5863411026265399E-05  8.4857987158792132E-06 0.e0 0.e0
    3    3  3.5338541142774030E-05  2.5113984262622799E-05 0.e0 0.e0
    4    0  5.1257987175465586E-06  0.0000000000000000E+00 0.e0 0.e0
    4    1  4.2271575054702128E-06  3.7413215027228718E-06 0.e0 0.e0
    4    2 -1.0253884110275679E-06 -8.9622951629187374E-06 0.e0 0.e0
    4    3  6.4461288728918093E-06 -2.7297790313231990E-07 0.e0 0.e0
    4    4  9.6384334824044650E-08 -1.2861361694339760E-05 0.e0 0.e0
    5    0 -1.7242068505338999E-06  0.0000000000000000E+00 0.e0 0.e0
    5    1  4.9155252614409601E-07  2.1179750719200639E-06 0.e0 0.e0
    5    2 -4.3015486989529303E-06 -1.1283599363068411E-06 0.e0 0.e0
    5    3  3.3106878341316730E-06  2.3024139448590119E-07 0.e0 0.e0
    5    4 -4.6889658986047850E-06 -3.2997722093047299E-06 0.e0 0.e0
    5    5 -4.3640801168293771E-06  3.8656154098344251E-06 0.e0 0.e0
    6    0  1.3448267510621481E-06  0.0000000000000000E+00 0.e0 0.e0
    6    1  1.7926701548423649E-06 -1.5234122376020040E-06 0.e0 0.e0
    6    2  8.7185360387643135E-07  1.4592318487313359E-06 0.e0 0.e0
    6    3  9.5816746766165918E-07  3.2022418522315923E-07 0.e0 0.e0
    6    4  1.0503162831989909E-06  2.6170003356585492E-06 0.e0 0.e0
    6    5  1.6880399538737750E-06  1.5853762547290531E-06 0.e0 0.e0
    6    6  2.7768427868541821E-06  7.5170270469872722E-07 0.e0 0.e0
    7    0  1.0566966079621890E-06  0.0000000000000000E+00 0.e0 0.e0
    7    1  1.3714218129129991E-06 -2.3256794873473699E-07 0.e0 0.e0
    7    2  2.8033764459323890E-06 -6.5173659805380695E-07 0.e0 0.e0
    7    3  8.7336552189929800E-07 -4.0675705536590699E-07 0.e0 0.e0
    7    4  2.4566369021535799E-06 -4.6224291975934719E-07 0.e0 0.e0
    7    5 -2.1930690076858139E-07 -1.3515575270662830E-06 0.e0 0.e0
    7    6 -6.0515930653241116E-07 -1.8832018842058270E-06 0.e0 0.e0
    7    7  3.8833580001392989E-07 -1.7838625631807321E-06 0.e0 0.e0
    8    0  1.4442117457414669E-07  0.0000000000000000E+00 0.e0 0.e0
    8    1 -1.2904533441152021E-07  7.4942490031393760E-07 0.e0 0.e0
    8    2  1.8100214820539061E-06  4.9096335865112556E-07 0.e0 0.e0
    8    3 -1.2207784549871089E-06 -1.3230871310063700E-06 0.e0 0.e0
    8    4  1.5866931019861380E-06  1.2166283194289211E-07 0.e0 0.e0
    8    5 -2.8183735255990001E-06 -1.5681467772892050E-06 0.e0 0.e0
    8    6 -9.5599877920939645E-07 -1.7626582142154601E-06 0.e0 0.e0
    8    7 -4.2471893831892682E-07  1.6540404534478641E-06 0.e0 0.e0
    8    8 -3.1783805703279631E-07 -2.3919729926160170E-07 0.e0 0.e0
    9    0 -2.8745593244289322E-07  0.0000000000000000E+00 0.e0 0.e0
    9    1  4.1743298827892820E-07 -4.9042273171692781E-07 0.e0 0.e0
    9    2  1.1385495484935660E-06  3.7160680928003798E-07 0.e0 0.e0
    9    3 -1.0035199183447020E-06 -9.9277210221517757E-07 0.e0 0.e0
    9    4  3.2079095125258889E-07  1.6143044902574391E-06 0.e0 0.e0
    9    5 -2.2970171000700119E-06 -1.4984195288745289E-06 0.e0 0.e0
    9    6  8.2020744110463016E-07  5.5634131644082519E-07 0.e0 0.e0
    9    7 -5.9128904319118457E-07  8.8413812925584658E-07 0.e0 0.e0
    9    8  1.1992792300607110E-06 -1.8558235185992101E-07 0.e0 0.e0
    9    9 -1.1923241516342979E-06 -6.1225374183571644E-07 0.e0 0.e0
   10    0  7.2586970184033398E-07  0.0000000000000000E+00 0.e0 0.e0
   10    1  9.2212003081492357E-07  2.1871853125250699E-07 0.e0 0.e0
   10    2 -2.1698263972956060E-09 -1.1128765713995101E-06 0.e0 0.e0
   10    3 -2.9275595477379353E-07  4.4574364384326100E-07 0.e0 0.e0
   10    4 -1.2112906007513811E-06 -4.9501526389811057E-08 0.e0 0.e0
   10    5  3.9839975982150670E-07 -1.0683891523420349E-06 0.e0 0.e0
   10    6  6.9499178396903159E-07  1.0970214333048109E-06 0.e0 0.e0
   10    7  2.9911814611399940E-07 -6.2740746269725919E-07 0.e0 0.e0
   10    8  5.6556749448508493E-07  7.9979384590180545E-07 0.e0 0.e0
   10    9 -1.5064865665416510E-06 -1.4044666157341789E-06 0.e0 0.e0
   10   10 -2.4277051735088178E-07  7.6193623951414320E-07 0.e0 0.e0
   11    0 -2.6649003866535410E-07  0.0000000000000000E+00 0.e0 0.e0
   11    1 -8.1519392894443437E-07 -2.1751302948038430E-07 0.e0 0.e0
   11    2 -3.2104320936602609E-07 -9.8790735061236510E-07 0.e0 0.e0
   11    3 -1.2892409568787179E-06  7.7876627497924496E-07 0.e0 0.e0
   11    4 -1.5791909175600400E-06 -6.1657941677816327E-07 0.e0 0.e0
   11    5  1.3703809961827519E-06  8.6845829243624667E-07 0.e0 0.e0
   11    6 -2.4320602261743078E-07  2.6287975442268369E-08 0.e0 0.e0
   11    7  6.3312547465221262E-07 -8.8124580630580818E-07 0.e0 0.e0
   11    8 -1.1526216305062039E-06  8.0289109851342910E-07 0.e0 0.e0
   11    9 -4.2887218833226868E-07 -4.0266826541827498E-07 0.e0 0.e0
   11   10  4.1248741283895690E-07  1.9449054488648321E-06 0.e0 0.e0
   11   11 -5.9129125196024682E-08 -3.2013461955227138E-07 0.e0 0.e0
   12    0  2.5901010973447811E-07  0.0000000000000000E+00 0.e0 0.e0
   12    1 -1.1232760242154771E-06 -4.6597501385511642E-08 0.e0 0.e0
   12    2 -9.3180509514092405E-08  5.3208625826598304E-07 0.e0 0.e0
   12    3 -1.4328437159904669E-06  3.3094328849604699E-07 0.e0 0.e0
   12    4 -9.8989762948794809E-08  1.2477384606767650E-07 0.e0 0.e0
   12    5  7.3841719085192487E-07  9.8313706759767646E-07 0.e0 0.e0
   12    6 -4.4199660810539768E-07 -1.6138324546284839E-06 0.e0 0.e0
   12    7  3.9950015269219688E-07 -1.2420962147609649E-07 0.e0 0.e0
   12    8 -1.6103036177638721E-06 -3.3390142111388809E-07 0.e0 0.e0
   12    9  7.2319162327703644E-07  4.4834612822914618E-07 0.e0 0.e0
   12   10  5.4275397597080196E-07  1.3521153280272900E-06 0.e0 0.e0
   12   11  7.8624501327329339E-07 -1.6864131081620689E-06 0.e0 0.e0
   12   12 -1.0856558755016089E-08 -8.8551160240718884E-08 0.e0 0.e0
   13    0 -4.8952404831803390E-07  0.0000000000000000E+00 0.e0 0.e0
   13    1 -5.6648398354796893E-07  2.2788663120968919E-07 0.e0 0.e0
   13    2  1.9841104168070469E-07  8.4834357183256708E-07 0.e0 0.e0
   13    3  2.1767220813221301E-07  1.7831477048833361E-07 0.e0 0.e0
   13    4  1.8222961512093351E-07  6.8437925412020000E-07 0.e0 0.e0
   13    5 -2.1635837716555661E-09 -4.0358226801550021E-07 0.e0 0.e0
   13    6  2.0889697822006498E-08 -9.2963519094536122E-07 0.e0 0.e0
   13    7 -7.5633516483173801E-07  4.1816002573524902E-07 0.e0 0.e0
   13    8 -2.3166748437483840E-07  1.2030332905113710E-09 0.e0 0.e0
   13    9  1.1327419797014090E-06  7.6091981962187019E-07 0.e0 0.e0
   13   10 -1.8420690773034191E-07 -6.3834053349287647E-07 0.e0 0.e0
   13   11  7.2152491396419184E-07 -8.5419916802722339E-07 0.e0 0.e0
   13   12 -1.4713308304428070E-06 -3.5633994441531591E-07 0.e0 0.e0
   13   13  4.7249117577621590E-07  8.4684144373715813E-07 0.e0 0.e0
   14    0  3.0219271864045722E-07  0.0000000000000000E+00 0.e0 0.e0
   14    1  7.5309548515849434E-07  3.0659939197390379E-07 0.e0 0.e0
   14    2  4.4431057610504009E-07 -5.2539256378857698E-07 0.e0 0.e0
   14    3  4.2086425064021988E-07 -3.1613141949167798E-07 0.e0 0.e0
   14    4  2.1086607659015601E-07 -9.6126046924893883E-07 0.e0 0.e0
   14    5 -4.7256009813144700E-07 -9.5209040368264479E-07 0.e0 0.e0
   14    6 -6.8240005934222495E-08 -8.1255730199729201E-08 0.e0 0.e0
   14    7 -4.3833797637763461E-07  2.5344830630813670E-07 0.e0 0.e0
   14    8  8.2760862524879536E-07  3.4542413026249739E-07 0.e0 0.e0
   14    9  2.5206510270110481E-07  1.1412035615165890E-06 0.e0 0.e0
   14   10 -4.0006125111822032E-08 -1.5805411521501649E-06 0.e0 0.e0
   14   11 -9.1756400631668835E-07  2.0181206830551511E-07 0.e0 0.e0
   14   12 -4.6098789395114132E-07 -2.8123541924842100E-07 0.e0 0.e0
   14   13  8.6159647817875325E-07  2.0166474791487490E-06 0.e0 0.e0
   14   14  4.0566294949909653E-09 -7.4397446155337985E-07 0.e0 0.e0
   15    0  4.9338119977619251E-07  0.0000000000000000E+00 0.e0 0.e0
   15    1  2.3504085774446549E-07  2.5814277194372382E-07 0.e0 0.e0
   15    2 -3.5877664452026991E-07 -7.7775370918244422E-07 0.e0 0.e0
   15    3 -5.6235428831306517E-07 -2.9119276531665789E-07 0.e0 0.e0
   15    4 -7.3107741433901826E-07 -8.2291945418793019E-07 0.e0 0.e0
   15    5 -9.4418999262905104E-07 -4.5309344036893439E-07 0.e0 0.e0
   15    6 -4.6569424928889101E-08  6.3181043403389908E-07 0.e0 0.e0
   15    7  9.3252509300585759E-07  3.3367910077558299E-07 0.e0 0.e0
   15    8  1.1713557431122270E-06  4.3397393082264647E-07 0.e0 0.e0
   15    9 -3.1361197239010152E-07 -3.6130776998697968E-07 0.e0 0.e0
   15   10 -1.6617979177073590E-07 -1.4989148710418020E-07 0.e0 0.e0
   15   11 -7.4449581533426630E-07  6.0499732095853779E-07 0.e0 0.e0
   15   12  1.0125729414718300E-06  7.0744643143345193E-07 0.e0 0.e0
   15   13  2.1632945779220320E-07  6.9692452639138542E-07 0.e0 0.e0
   15   14  1.4287311615973200E-07 -1.3675794263071820E-06 0.e0 0.e0
   15   15 -3.2983911020273521E-07  1.4679301357791700E-07 0.e0 0.e0
   16    0  6.2492272251973242E-07  0.0000000000000000E+00 0.e0 0.e0
   16    1 -2.3576455388861381E-07 -5.5301461123008231E-07 0.e0 0.e0
   16    2 -4.8128515175366109E-07 -8.3798338110112221E-08 0.e0 0.e0
   16    3 -5.2884584512722868E-07  4.3179535117818742E-07 0.e0 0.e0
   16    4 -7.7524880882120419E-07 -4.1236194296459131E-08 0.e0 0.e0
   16    5 -3.3156669814606880E-07  5.9447709629048816E-07 0.e0 0.e0
   16    6  1.4873519233098461E-07  2.1995105650212950E-07 0.e0 0.e0
   16    7  3.9540191879011490E-07  2.9924170216304151E-07 0.e0 0.e0
   16    8  2.4726774880144362E-07  3.8194759694030728E-07 0.e0 0.e0
   16    9 -3.9083254186985018E-07 -9.2091247731411718E-07 0.e0 0.e0
   16   10 -4.9887892959809643E-07  3.6222033033373808E-07 0.e0 0.e0
   16   11 -8.0503692776153824E-08 -3.0833185246732417E-07 0.e0 0.e0
   16   12  4.4116504364058009E-07  6.4720068684209609E-07 0.e0 0.e0
   16   13 -9.6676684214209105E-08 -5.9086298237427453E-07 0.e0 0.e0
   16   14 -2.2346863154783541E-07 -9.2646534797515104E-07 0.e0 0.e0
   16   15 -8.3320558932387890E-07  3.7522848734954839E-07 0.e0 0.e0
   16   16  2.1693483565260650E-07  1.0572655635748210E-07 0.e0 0.e0
   17    0 -5.4709542986930998E-08  0.0000000000000000E+00 0.e0 0.e0
   17    1 -3.7399137381517438E-07 -6.3489366161239067E-07 0.e0 0.e0
   17    2 -2.0004915070624970E-07  1.4769821786575250E-07 0.e0 0.e0
   17    3 -4.4054829757514781E-08  1.9182219078222199E-07 0.e0 0.e0
   17    4  4.5617658067346931E-07 -1.7248528799716611E-08 0.e0 0.e0
   17    5  7.0352057270776358E-07  2.9716758199903928E-07 0.e0 0.e0
   17    6  6.2735688086993120E-07 -3.2424361898797991E-07 0.e0 0.e0
   17    7  3.3067607545801760E-07 -2.4963319407555199E-07 0.e0 0.e0
   17    8 -3.7638667604706180E-07 -1.9171388957514899E-07 0.e0 0.e0
   17    9 -2.0630975795240439E-07 -3.2050677363791618E-07 0.e0 0.e0
   17   10 -5.5645632584498266E-07  2.8962148266298910E-07 0.e0 0.e0
   17   11  3.5243509929602669E-07  3.5354260317607713E-08 0.e0 0.e0
   17   12  2.0025673973076780E-07 -1.3079093383117499E-08 0.e0 0.e0
   17   13 -4.8612342952491358E-07 -7.7483339436755765E-07 0.e0 0.e0
   17   14 -3.8008064670123599E-07 -4.4794294782534088E-07 0.e0 0.e0
   17   15 -3.3804523377146830E-07  4.2775478707706719E-07 0.e0 0.e0
   17   16  1.1049431287614231E-06  4.9309080047218621E-07 0.e0 0.e0
   17   17  7.4847480457838662E-08  2.8783514545524541E-07 0.e0 0.e0
   18    0 -3.1250064729225039E-07  0.0000000000000000E+00 0.e0 0.e0
   18    1 -1.8296324000412531E-07 -5.7769470567911306E-07 0.e0 0.e0
   18    2 -1.0412207107656000E-07  4.5344370424782177E-08 0.e0 0.e0
   18    3 -2.9939186240254088E-07 -4.5784264171329838E-07 0.e0 0.e0
   18    4  8.7501712948002529E-07  1.1649861097786980E-07 0.e0 0.e0
   18    5  1.9313905997574150E-07 -6.2249966128910834E-07 0.e0 0.e0
   18    6  2.0688943917981149E-07 -6.8437607860474299E-07 0.e0 0.e0
   18    7 -2.0217971073446040E-07 -1.6356127281011639E-07 0.e0 0.e0
   18    8  5.2056773524533092E-08 -2.6360703691128459E-07 0.e0 0.e0
   18    9  7.7969026722603824E-08  2.2552919560177530E-07 0.e0 0.e0
   18   10  6.6329434317302129E-07 -9.4810465055948729E-08 0.e0 0.e0
   18   11  2.6059961095133892E-07 -3.1345741040837309E-07 0.e0 0.e0
   18   12  6.8911605863124401E-08 -1.0399482958457250E-07 0.e0 0.e0
   18   13 -3.1271776039499141E-07 -2.5122404024047290E-07 0.e0 0.e0
   18   14 -3.5413778761107888E-07  2.1245035795232279E-07 0.e0 0.e0
   18   15  4.0427231994548502E-07  7.2717527650255237E-07 0.e0 0.e0
   18   16  4.2540458121371041E-07  1.9491720533030481E-07 0.e0 0.e0
   18   17 -6.6185211446951153E-09 -1.1055839853856400E-06 0.e0 0.e0
   18   18  4.9076799412949712E-07  3.0810258604566902E-07 0.e0 0.e0
   19    0  5.9593471480895979E-09  0.0000000000000000E+00 0.e0 0.e0
   19    1  4.7984786635487607E-08  5.0606657054152741E-07 0.e0 0.e0
   19    2 -5.2810415618861903E-08  8.7643122788538723E-08 0.e0 0.e0
   19    3 -5.4861024791885132E-08 -1.9930153462648481E-07 0.e0 0.e0
   19    4  1.4263562742559671E-07  2.5044457390705712E-07 0.e0 0.e0
   19    5 -2.9276850316067513E-07 -4.3895607578845078E-07 0.e0 0.e0
   19    6 -2.7765506917946031E-07 -1.4472759335102671E-07 0.e0 0.e0
   19    7 -4.8276286290870036E-07  2.0107368970881271E-07 0.e0 0.e0
   19    8  4.2212800997513992E-07 -1.4536614945671280E-07 0.e0 0.e0
   19    9  2.2422934903485960E-07  3.8573458502090812E-07 0.e0 0.e0
   19   10  5.9754731714712053E-07 -1.0349337739528020E-07 0.e0 0.e0
   19   11  2.6748761625195819E-08 -3.9238448990827910E-07 0.e0 0.e0
   19   12 -1.1353985029612160E-07 -1.5548311289263989E-08 0.e0 0.e0
   19   13 -2.0231048781492040E-07 -2.9076960333033691E-08 0.e0 0.e0
   19   14  1.8370489788655959E-07  5.0561428737075958E-07 0.e0 0.e0
   19   15  8.5469937506493990E-07  4.5122259786035062E-07 0.e0 0.e0
   19   16 -1.5178564199107839E-08 -1.3538949530565789E-07 0.e0 0.e0
   19   17 -1.4691049019410600E-07 -4.2595464334983788E-07 0.e0 0.e0
   19   18 -6.7605472888485071E-07  6.4337251024823409E-07 0.e0 0.e0
   19   19 -4.2895397427418769E-07 -8.0085248199827081E-07 0.e0 0.e0
   20    0  2.9881260537936598E-07  0.0000000000000000E+00 0.e0 0.e0
   20    1  1.8580341470164049E-07  5.5166467757316584E-07 0.e0 0.e0
   20    2  6.7077484529405142E-08 -2.3854889220809512E-07 0.e0 0.e0
   20    3  4.2629483620741551E-07  2.0444588490030209E-07 0.e0 0.e0
   20    4 -3.5522136272433662E-07  2.1259491309390880E-07 0.e0 0.e0
   20    5  1.6924862463125410E-07  1.1045333324553961E-08 0.e0 0.e0
   20    6  2.0998547236303271E-07  3.7356644384240269E-07 0.e0 0.e0
   20    7  7.0244713844181063E-08  3.7898258389081973E-08 0.e0 0.e0
   20    8  3.2136235256075510E-07  3.0592253100467350E-07 0.e0 0.e0
   20    9  6.5192996480357300E-08  1.7864588537008961E-07 0.e0 0.e0
   20   10 -4.2083149137409152E-07 -1.0435247651158750E-08 0.e0 0.e0
   20   11 -1.6114641023949900E-07  2.7220617299528919E-08 0.e0 0.e0
   20   12 -4.7994489225668577E-07 -1.4795540504238811E-07 0.e0 0.e0
   20   13  1.8109737849233900E-08  3.4234017008717649E-07 0.e0 0.e0
   20   14  2.9344108002153201E-07  2.1671360097310811E-07 0.e0 0.e0
   20   15  6.0208708189420820E-08 -2.9039462561300382E-07 0.e0 0.e0
   20   16  2.8414172567249571E-08 -2.7761158323091630E-07 0.e0 0.e0
   20   17 -5.1094548886474557E-07 -3.4292939751667268E-07 0.e0 0.e0
   20   18  8.9167321908967871E-08  7.1919662036032088E-07 0.e0 0.e0
   20   19  1.7333602608012730E-07 -3.2472457615893582E-08 0.e0 0.e0
   20   20 -4.6655014134911748E-07  1.0747723767163330E-07 0.e0 0.e0
   21    0  1.2347586822151001E-07  0.0000000000000000E+00 0.e0 0.e0
   21    1 -1.4966915629923551E-07 -4.2489275995067721E-07 0.e0 0.e0
   21    2 -9.7221100336762922E-08 -5.5509403173538134E-07 0.e0 0.e0
   21    3 -1.5552364970400649E-07  2.4876536599425881E-07 0.e0 0.e0
   21    4 -4.0097666230990929E-07 -1.3425496908502699E-07 0.e0 0.e0
   21    5  3.2870712432165809E-07  1.5936242888488789E-07 0.e0 0.e0
   21    6  6.9079939553383232E-08  2.7488485498799867E-07 0.e0 0.e0
   21    7  2.3320857354459750E-07 -3.0863895600893129E-07 0.e0 0.e0
   21    8  5.1570907658035643E-08  3.0886698315441479E-07 0.e0 0.e0
   21    9 -1.8008202114286151E-07 -9.4958964606421974E-08 0.e0 0.e0
   21   10 -2.7938955389263798E-07  1.1820439495967310E-07 0.e0 0.e0
   21   11 -2.8796500726804299E-07 -1.5823916152800439E-07 0.e0 0.e0
   21   12  2.5731362205597250E-07  6.4541115316012470E-08 0.e0 0.e0
   21   13  8.3708645895450682E-09  1.0116864535512461E-07 0.e0 0.e0
   21   14  1.1134161192369960E-07 -3.9795307952092191E-07 0.e0 0.e0
   21   15 -3.6470794043294531E-07 -5.5740534092566497E-07 0.e0 0.e0
   21   16 -2.8556691172751940E-07  5.5442768395247233E-09 0.e0 0.e0
   21   17 -2.8525352941551792E-07 -3.0837599867540438E-07 0.e0 0.e0
   21   18  2.8317542188568368E-07  5.2143158077609181E-07 0.e0 0.e0
   21   19  1.2069812234460869E-07 -7.8399759298237206E-07 0.e0 0.e0
   21   20 -1.4923345109938631E-07 -3.0137302609478931E-07 0.e0 0.e0
   21   21  6.9990179109415883E-07  3.3555798221123139E-07 0.e0 0.e0
   22    0 -1.1264028279608120E-07  0.0000000000000000E+00 0.e0 0.e0
   22    1 -4.0208656684925192E-07 -1.1826221354554750E-07 0.e0 0.e0
   22    2  1.0381732434953100E-07  7.4421453554010241E-08 0.e0 0.e0
   22    3 -3.7677474476696823E-07  2.0395835626638869E-08 0.e0 0.e0
   22    4  1.8933663793100171E-07 -3.8145043638466721E-07 0.e0 0.e0
   22    5  7.3369812805457375E-08  3.0105913448950862E-08 0.e0 0.e0
   22    6 -2.8170834311131842E-07 -5.2344037555341106E-07 0.e0 0.e0
   22    7  2.6177231161258758E-07  5.6295008574609990E-09 0.e0 0.e0
   22    8 -3.7895979428661201E-07 -1.9937087713119211E-07 0.e0 0.e0
   22    9 -1.9429436459151098E-09 -3.0284890893445682E-08 0.e0 0.e0
   22   10 -2.4257445288973869E-07  2.8902128641733269E-07 0.e0 0.e0
   22   11 -9.3715993038994807E-08 -1.5687894061080690E-07 0.e0 0.e0
   22   12  3.7559620252873468E-07 -8.9063527407004070E-08 0.e0 0.e0
   22   13 -1.7940313993881491E-07 -1.6316979104796981E-07 0.e0 0.e0
   22   14 -1.7537860033055239E-07 -5.0922917414207737E-07 0.e0 0.e0
   22   15 -4.0193319616745418E-07  2.8477577528598978E-07 0.e0 0.e0
   22   16 -2.0310502853512480E-07 -2.8750227028928629E-08 0.e0 0.e0
   22   17  3.4627242633572500E-07  2.1188159428630770E-07 0.e0 0.e0
   22   18 -1.1210259579021690E-07  6.0333782848045594E-08 0.e0 0.e0
   22   19  3.7629022242182029E-07 -4.4970927422294212E-07 0.e0 0.e0
   22   20 -4.3042697908639468E-07  9.2797413487135024E-08 0.e0 0.e0
   22   21  2.7695836337858037E-07  5.6231669757848327E-07 0.e0 0.e0
   22   22 -1.4347583619729300E-07 -3.1326857604805262E-07 0.e0 0.e0
   23    0  4.7326423023179462E-08  0.0000000000000000E+00 0.e0 0.e0
   23    1  2.4374408042259629E-07  7.3494112778137450E-08 0.e0 0.e0
   23    2  1.9843225742036479E-07  4.6791638769017139E-07 0.e0 0.e0
   23    3  9.9820782624612770E-08 -1.3263849456797489E-07 0.e0 0.e0
   23    4  4.4503832725168122E-07  6.6478968884065293E-08 0.e0 0.e0
   23    5 -3.1144276467443448E-07  1.9519929635273781E-07 0.e0 0.e0
   23    6  3.6992172443827102E-07 -5.0612553610889074E-07 0.e0 0.e0
   23    7 -2.8487071785549231E-07  2.9122642661273411E-07 0.e0 0.e0
   23    8 -2.2579336399057979E-07 -2.7709320642165849E-07 0.e0 0.e0
   23    9  2.7359227298597801E-08  1.0347913896544291E-07 0.e0 0.e0
   23   10 -9.5790812490446192E-08 -1.4405809987966211E-07 0.e0 0.e0
   23   11  3.2113423215861948E-07 -3.2797563249356841E-07 0.e0 0.e0
   23   12  7.3832375707856811E-08 -1.2217476464311631E-08 0.e0 0.e0
   23   13 -2.3140846208712029E-07 -8.4294987746199942E-08 0.e0 0.e0
   23   14 -1.0224728887818180E-07 -3.1770480727318979E-07 0.e0 0.e0
   23   15 -2.3223458029351269E-07  7.1651363037084832E-07 0.e0 0.e0
   23   16  4.4498981004519351E-07  1.0929769880668740E-07 0.e0 0.e0
   23   17  3.6670408070543000E-07  7.6096781011156177E-07 0.e0 0.e0
   23   18 -1.7642610439993799E-07 -5.9165257242252639E-07 0.e0 0.e0
   23   19  4.1926005181402358E-07  5.6605058404973177E-08 0.e0 0.e0
   23   20 -4.8862524724287533E-07  4.5045545106160693E-08 0.e0 0.e0
   23   21  4.9604626390305803E-07  6.1353338185901423E-07 0.e0 0.e0
   23   22  1.5353129714946131E-07 -2.0327835563482890E-07 0.e0 0.e0
   23   23 -5.2692420718805256E-07  2.7878783895039369E-07 0.e0 0.e0
   24    0  2.6873303650461098E-07  0.0000000000000000E+00 0.e0 0.e0
   24    1  1.9057622150479901E-07  1.6690861715652519E-07 0.e0 0.e0
   24    2  1.7280977634451560E-08 -1.3850302464473820E-07 0.e0 0.e0
   24    3  3.2921208881991352E-07 -2.9176290248854039E-07 0.e0 0.e0
   24    4  5.9218617620265157E-08  1.1739532630109240E-07 0.e0 0.e0
   24    5 -3.5012008481587548E-07 -1.5733433810897421E-07 0.e0 0.e0
   24    6  3.1642695265316869E-07  2.9276330519769568E-08 0.e0 0.e0
   24    7 -3.9264498823450741E-07  5.1879797911087025E-07 0.e0 0.e0
   24    8  1.8933598874193869E-07  1.1078479731924260E-07 0.e0 0.e0
   24    9  1.2527409470495221E-07  3.2842814568059190E-07 0.e0 0.e0
   24   10 -1.3450041125559309E-07 -3.0140135882258529E-07 0.e0 0.e0
   24   11  1.0843022480946701E-08  3.0915504653432879E-07 0.e0 0.e0
   24   12 -3.1255874794963632E-07 -3.0429281336725132E-07 0.e0 0.e0
   24   13  7.5599798100225250E-08 -2.7849631860020731E-08 0.e0 0.e0
   24   14  2.6270393549553840E-08  3.9848536131460611E-07 0.e0 0.e0
   24   15  2.1284441845550539E-07 -4.2522142616756123E-08 0.e0 0.e0
   24   16  6.2126031993091466E-07  2.8516896440125381E-07 0.e0 0.e0
   24   17 -1.0668238261122960E-07 -1.5743112235114869E-08 0.e0 0.e0
   24   18  3.1846210628267689E-07 -5.7222896549097009E-07 0.e0 0.e0
   24   19 -2.5065325932672343E-07  4.2087828662401751E-07 0.e0 0.e0
   24   20 -9.3603719702306670E-08 -1.4150417744732959E-07 0.e0 0.e0
   24   21  5.0245562931673793E-09  4.9620199514226188E-07 0.e0 0.e0
   24   22 -1.6939863171226771E-07 -6.9209106756932092E-07 0.e0 0.e0
   24   23 -5.8779889641222291E-07  4.1208495271270067E-08 0.e0 0.e0
   24   24  2.8572403319338679E-07  1.0611983382256000E-07 0.e0 0.e0
   25    0 -1.3915637435630249E-07  0.0000000000000000E+00 0.e0 0.e0
   25    1 -7.7127738215862221E-08 -1.7543650003502259E-08 0.e0 0.e0
   25    2 -1.7403806696811899E-07 -3.5958046277900300E-07 0.e0 0.e0
   25    3  1.0709464053995960E-07 -1.4852699810844249E-07 0.e0 0.e0
   25    4 -6.1577275010244243E-07  1.6531831359390281E-07 0.e0 0.e0
   25    5  2.7870987142976032E-07 -3.2513243257401430E-07 0.e0 0.e0
   25    6 -1.5069102202669251E-07  3.5398705137297831E-07 0.e0 0.e0
   25    7  1.2745235340382241E-07  2.5722461498610012E-07 0.e0 0.e0
   25    8  2.5188727311854308E-07  1.4987704009305059E-07 0.e0 0.e0
   25    9  8.8548350659178343E-08  2.0918083387298929E-07 0.e0 0.e0
   25   10  2.0459340707431701E-07 -2.5755712172913070E-07 0.e0 0.e0
   25   11 -4.0208525901293581E-07  4.2193640157022459E-07 0.e0 0.e0
   25   12 -3.4108004488017230E-07 -2.2236094344922479E-07 0.e0 0.e0
   25   13 -3.3913589664341351E-09  2.7928595832259351E-07 0.e0 0.e0
   25   14 -6.0081500302783250E-08  2.6920677556667728E-07 0.e0 0.e0
   25   15  4.3084430524138863E-07 -1.7103728129146550E-07 0.e0 0.e0
   25   16 -7.2389572160777240E-08  2.4780679724823610E-07 0.e0 0.e0
   25   17 -4.0812396698157091E-07 -7.9124914881614433E-07 0.e0 0.e0
   25   18  1.3039868082469749E-07  3.7143279380405901E-08 0.e0 0.e0
   25   19 -6.7379262122205607E-07 -3.2745841267601822E-09 0.e0 0.e0
   25   20  5.7252513267242740E-07  6.8581143753309572E-08 0.e0 0.e0
   25   21 -6.7333893396917305E-07  1.8939175435100679E-07 0.e0 0.e0
   25   22  2.9662492388194308E-07 -4.3844233143149069E-07 0.e0 0.e0
   25   23 -4.7106093096747168E-07  4.7197829147459941E-07 0.e0 0.e0
   25   24  3.3585277049000689E-07  7.1057634707613332E-08 0.e0 0.e0
   25   25  1.0811211693401540E-07 -2.9679761935162980E-07 0.e0 0.e0
   26    0 -1.7628448725189109E-07  0.0000000000000000E+00 0.e0 0.e0
   26    1 -1.9213755004800671E-07 -3.8315999458061602E-07 0.e0 0.e0
   26    2 -2.0175674235327581E-07  1.4205464154316201E-08 0.e0 0.e0
   26    3 -1.4909954219721411E-07  1.2804480855375901E-07 0.e0 0.e0
   26    4 -3.6897114728500608E-07  2.1670066344322219E-07 0.e0 0.e0
   26    5  2.0844964305891050E-07  2.2188350902353279E-07 0.e0 0.e0
   26    6 -3.2567066782868078E-07  6.5494767739468042E-08 0.e0 0.e0
   26    7  1.1641740455968710E-07 -2.3553518937132420E-07 0.e0 0.e0
   26    8  8.6298428878060334E-08  2.0973525309858609E-08 0.e0 0.e0
   26    9 -7.2025186638855130E-08 -5.0879344685424231E-07 0.e0 0.e0
   26   10  1.4853026076295599E-07  3.8012335713704092E-08 0.e0 0.e0
   26   11 -4.7167856753693068E-07 -1.9898237971716059E-07 0.e0 0.e0
   26   12  2.2527623574358020E-07 -6.9385296018421442E-08 0.e0 0.e0
   26   13  5.1145042075150622E-08 -1.0433026848759240E-08 0.e0 0.e0
   26   14  1.2480011835258409E-07 -8.9757900507323339E-08 0.e0 0.e0
   26   15  9.0209718719096993E-08 -5.4776152943267738E-08 0.e0 0.e0
   26   16 -5.0820149849512781E-07 -8.4248120896246461E-08 0.e0 0.e0
   26   17 -2.4657849080845568E-07 -3.7013988183926381E-08 0.e0 0.e0
   26   18 -2.3290580440167000E-07  5.3888816219307701E-07 0.e0 0.e0
   26   19 -2.5970273573784249E-08 -1.6653485548744791E-07 0.e0 0.e0
   26   20  1.5281466506169339E-07  3.5290024176266420E-07 0.e0 0.e0
   26   21 -3.1201209295350659E-07 -5.5170201263527412E-07 0.e0 0.e0
   26   22  4.0844874037237719E-07  4.5750616882189957E-08 0.e0 0.e0
   26   23 -2.4275552862587361E-07  2.2709480739465239E-07 0.e0 0.e0
   26   24  7.3201075677302809E-07 -2.8419292894155149E-09 0.e0 0.e0
   26   25  2.3151452106338080E-07 -4.4013918971703292E-07 0.e0 0.e0
   26   26 -1.1007952809534780E-07  4.4794368613723358E-07 0.e0 0.e0
   27    0 -2.2429133670940241E-07  0.0000000000000000E+00 0.e0 0.e0
   27    1  5.6344813457961528E-08 -4.2301208758475378E-08 0.e0 0.e0
   27    2 -6.5365457782954078E-10  2.6901356144063480E-07 0.e0 0.e0
   27    3  1.2627092149005500E-07  3.1206623710871861E-07 0.e0 0.e0
   27    4  3.4424611315322562E-07  8.5273684327321170E-08 0.e0 0.e0
   27    5  1.0222231504240270E-07  2.8166455549002169E-07 0.e0 0.e0
   27    6  2.6324849166294649E-07 -3.2786198801969991E-07 0.e0 0.e0
   27    7 -9.7211844450005550E-10 -1.1172236487931330E-07 0.e0 0.e0
   27    8 -3.4547432643060329E-07  6.5907866839411809E-08 0.e0 0.e0
   27    9 -5.6074328514253417E-08 -3.8503746456282642E-07 0.e0 0.e0
   27   10 -3.0969727349976250E-07  3.6473955062594962E-08 0.e0 0.e0
   27   11 -2.0254335758159719E-07 -2.1423176515356401E-07 0.e0 0.e0
   27   12  6.0235142746719770E-08 -8.8460963500726847E-09 0.e0 0.e0
   27   13 -7.4459935135365112E-08 -1.0590711498148070E-07 0.e0 0.e0
   27   14  1.7173555188447300E-07 -4.1929659570348682E-08 0.e0 0.e0
   27   15 -4.5952114701047252E-08  8.8451767953049423E-08 0.e0 0.e0
   27   16 -1.1942685337678140E-07 -2.2375526433632609E-07 0.e0 0.e0
   27   17  2.4581814647318210E-07  3.4807209403586919E-07 0.e0 0.e0
   27   18 -2.0923914984464690E-08  1.5127172664997909E-07 0.e0 0.e0
   27   19  7.5026181480599506E-07  1.2894024808243501E-07 0.e0 0.e0
   27   20 -2.5269557479531271E-07 -5.4762440538989093E-08 0.e0 0.e0
   27   21  2.5817973151245719E-07 -3.1039157162723509E-07 0.e0 0.e0
   27   22 -1.9717193142012019E-07  3.9791824063853078E-07 0.e0 0.e0
   27   23  1.2012853555960479E-07 -2.7057833944663443E-07 0.e0 0.e0
   27   24  1.6193138480660450E-07  4.6200158477059414E-09 0.e0 0.e0
   27   25 -1.5582978599656841E-07 -5.7300191246279213E-07 0.e0 0.e0
   27   26 -2.5066768488364009E-07  3.5159123462776440E-07 0.e0 0.e0
   27   27  4.9198392164878586E-07 -8.9847065707103033E-08 0.e0 0.e0
   28    0  3.7688556434609083E-08  0.0000000000000000E+00 0.e0 0.e0
   28    1  1.5783700928634909E-07  1.0124148940442520E-07 0.e0 0.e0
   28    2  3.1017655862825947E-07  2.4849703134892952E-07 0.e0 0.e0
   28    3  1.9313510743590381E-07 -2.7948778667318201E-07 0.e0 0.e0
   28    4  4.0313724493949629E-07  1.3956437835763860E-08 0.e0 0.e0
   28    5 -4.8400167777080632E-08 -3.6928288502624842E-08 0.e0 0.e0
   28    6  4.5375184117556701E-07 -2.7356671662511559E-07 0.e0 0.e0
   28    7 -1.6823684799278519E-07  2.0162811309386700E-07 0.e0 0.e0
   28    8 -2.4710103415387870E-07  4.2320818316738424E-09 0.e0 0.e0
   28    9  1.0710413315087720E-07  4.2063510832961999E-07 0.e0 0.e0
   28   10 -8.2870261985355222E-08  1.5609810208320571E-08 0.e0 0.e0
   28   11  2.2512128014213121E-07  2.7273955283408457E-07 0.e0 0.e0
   28   12  8.9524747741376861E-08 -2.0457909203691569E-08 0.e0 0.e0
   28   13 -1.2787142340077051E-07  4.2619780444182797E-08 0.e0 0.e0
   28   14  8.9051930235575579E-08  1.2467634316901960E-07 0.e0 0.e0
   28   15 -7.9032732095102051E-08  1.3383638181939430E-07 0.e0 0.e0
   28   16  1.7615849583248601E-07  5.3584124607366892E-08 0.e0 0.e0
   28   17  1.8637754507548990E-07  3.6837259317905662E-07 0.e0 0.e0
   28   18  2.5127844343473148E-07 -3.5746993951465539E-07 0.e0 0.e0
   28   19  3.1908355132650678E-07  2.3285527480023169E-08 0.e0 0.e0
   28   20 -2.9898302714105848E-07 -3.9848909033499608E-07 0.e0 0.e0
   28   21  2.2935452901297270E-07  1.3419423339194680E-07 0.e0 0.e0
   28   22 -3.6507274474573752E-07  1.0399280108543280E-07 0.e0 0.e0
   28   23  3.9683452222884022E-07  9.8249634583056008E-08 0.e0 0.e0
   28   24 -2.7695608240874400E-07  2.0151109007883150E-07 0.e0 0.e0
   28   25 -6.1515040223357603E-08 -1.0472751263353350E-07 0.e0 0.e0
   28   26 -3.2090104339849368E-07  5.5288152018396721E-07 0.e0 0.e0
   28   27  5.5931795695475683E-08  3.5884049270198863E-08 0.e0 0.e0
   28   28 -2.0401164017886030E-07 -5.6962748687958568E-07 0.e0 0.e0
   29    0  9.3702846930364048E-08  0.0000000000000000E+00 0.e0 0.e0
   29    1  7.1348817189583361E-08  2.0184784435221219E-07 0.e0 0.e0
   29    2  8.0655382026096740E-08  1.7215589308587210E-09 0.e0 0.e0
   29    3  9.6836190539040183E-08 -3.0816637609178689E-07 0.e0 0.e0
   29    4 -1.8680363369921000E-07  4.9832426947715548E-08 0.e0 0.e0
   29    5 -1.2983945214640070E-07 -1.6917412913966779E-07 0.e0 0.e0
   29    6 -9.0422606023952042E-08  9.4101032299517958E-09 0.e0 0.e0
   29    7 -2.5192143983259911E-07  1.7464531562866890E-07 0.e0 0.e0
   29    8 -4.2698625836007993E-08 -8.9228824142963896E-09 0.e0 0.e0
   29    9  1.0183111147610990E-07  3.2809139697703049E-07 0.e0 0.e0
   29   10  1.3883747261810520E-07 -3.1141217839033688E-08 0.e0 0.e0
   29   11  2.9691958578528659E-07  4.5742929551007871E-08 0.e0 0.e0
   29   12 -1.3427538075769189E-07  1.0946619933814260E-07 0.e0 0.e0
   29   13  1.7506798719067500E-07  1.7575001570676170E-08 0.e0 0.e0
   29   14  7.7837043194376414E-08  1.3395399821071559E-07 0.e0 0.e0
   29   15  5.2109845392902077E-08  1.3384672333717210E-07 0.e0 0.e0
   29   16  1.4794412969211669E-07  1.4792180554770010E-08 0.e0 0.e0
   29   17 -3.3745554673021112E-08 -7.0045295120893890E-08 0.e0 0.e0
   29   18  2.1418855086524331E-08 -9.4109030401293733E-08 0.e0 0.e0
   29   19 -1.9709952597879409E-07 -1.3505178388051149E-08 0.e0 0.e0
   29   20 -1.3550431404915160E-07 -8.6822470688634973E-08 0.e0 0.e0
   29   21 -1.5030267724421009E-07  2.6509414861913419E-07 0.e0 0.e0
   29   22  7.6578317345497392E-08 -2.0680632146692670E-08 0.e0 0.e0
   29   23  9.6924765746032127E-08  3.1356707917145092E-07 0.e0 0.e0
   29   24 -1.4005500648212799E-07 -3.0469382582476341E-07 0.e0 0.e0
   29   25  1.3633949923828659E-07  2.7162645618812211E-07 0.e0 0.e0
   29   26  1.6797261963368699E-08  2.6538690568921410E-07 0.e0 0.e0
   29   27  4.7933639268462252E-07  1.7349828302600341E-08 0.e0 0.e0
   29   28 -6.3045061240640739E-08 -2.1918930385312251E-07 0.e0 0.e0
   29   29 -1.3377254772957059E-07  1.7717530296083961E-07 0.e0 0.e0
   30    0  1.1145099036532529E-08  0.0000000000000000E+00 0.e0 0.e0
   30    1 -1.4654000712290799E-07 -1.1060675702898149E-09 0.e0 0.e0
   30    2 -1.8998886339668401E-07 -4.2452925690369157E-08 0.e0 0.e0
   30    3 -3.5270525533382182E-08  8.3431426027651058E-09 0.e0 0.e0
   30    4 -2.5787459990413612E-07  2.1727062750581659E-07 0.e0 0.e0
   30    5 -9.1733739134503762E-08  1.4967249746880319E-07 0.e0 0.e0
   30    6 -1.3497060122031410E-07  3.6547714193666440E-07 0.e0 0.e0
   30    7 -8.1965937969819072E-08  3.0984720440641203E-08 0.e0 0.e0
   30    8  5.5483344343330702E-08  9.4218169495485086E-08 0.e0 0.e0
   30    9 -7.5045838407190513E-08 -1.4151056355603200E-08 0.e0 0.e0
   30   10  5.6994847624024508E-08 -2.4088907113550531E-07 0.e0 0.e0
   30   11  1.2792396133672280E-07 -1.2025161217794699E-07 0.e0 0.e0
   30   12 -2.9831960575819447E-07  1.2135602798176551E-07 0.e0 0.e0
   30   13  1.0057243261066830E-07  5.6318659207429081E-08 0.e0 0.e0
   30   14 -1.3508582102988071E-07  4.3938012671177198E-08 0.e0 0.e0
   30   15  1.2018251166455231E-07 -2.5325824294089910E-08 0.e0 0.e0
   30   16  7.1709898974243120E-08  5.8193859688772242E-08 0.e0 0.e0
   30   17 -1.4436063445509550E-07 -1.7785010375395631E-07 0.e0 0.e0
   30   18 -7.2068360221388700E-08  1.1056105864779130E-08 0.e0 0.e0
   30   19 -2.5431419252392298E-07  6.2142940580670450E-08 0.e0 0.e0
   30   20  1.3779199405606101E-07  1.7379509825482029E-07 0.e0 0.e0
   30   21 -2.6415079885543231E-08  7.8131348871576513E-08 0.e0 0.e0
   30   22  2.0178394500258259E-07 -2.0456347280951610E-08 0.e0 0.e0
   30   23 -1.5461409754925761E-07  9.5584411231037844E-08 0.e0 0.e0
   30   24  9.0729028915191664E-08 -2.3643420072473279E-07 0.e0 0.e0
   30   25 -1.5661849280927401E-07  2.7613822597114260E-07 0.e0 0.e0
   30   26  8.1106286134173940E-08 -3.3710802783892099E-07 0.e0 0.e0
   30   27  2.8782192752951719E-07 -2.4198363506992220E-07 0.e0 0.e0
   30   28 -2.6001883652509370E-07 -3.0907353476336140E-07 0.e0 0.e0
   30   29  2.6054562193385649E-08  7.8234963744760744E-08 0.e0 0.e0
   30   30  8.1528975676899342E-08 -1.7506214508672120E-08 0.e0 0.e0
   31    0  1.1287170200725720E-07  0.0000000000000000E+00 0.e0 0.e0
   31    1 -6.1861543402132000E-08 -8.2210099378316832E-08 0.e0 0.e0
   31    2  8.5025844206685978E-08  1.3393507846428070E-08 0.e0 0.e0
   31    3 -3.2918743216093827E-08  5.3573643937370072E-08 0.e0 0.e0
   31    4 -3.0693415303256343E-08  7.5885563450514509E-09 0.e0 0.e0
   31    5  9.5050316393459869E-08  1.7269202062704191E-07 0.e0 0.e0
   31    6  6.2956324201030600E-08  1.1345288369187270E-07 0.e0 0.e0
   31    7  2.3776715964544131E-07 -1.4083684406008409E-07 0.e0 0.e0
   31    8 -1.9589863816685069E-09  5.8341997617833577E-08 0.e0 0.e0
   31    9 -1.3343953784693900E-07 -3.7881113773361707E-08 0.e0 0.e0
   31   10 -9.2896662432773253E-08 -2.1821071986276781E-07 0.e0 0.e0
   31   11 -1.8542966166663171E-07  1.9907916992782680E-07 0.e0 0.e0
   31   12 -8.7291074490033562E-08 -4.1802616371664442E-08 0.e0 0.e0
   31   13  3.8305025124044411E-08  1.4128537412595329E-07 0.e0 0.e0
   31   14 -2.8077518866457709E-08 -1.1716735262040720E-07 0.e0 0.e0
   31   15  8.7898315698478590E-08  1.0936478913889840E-08 0.e0 0.e0
   31   16 -1.3012232974639761E-07  1.1169673736089499E-09 0.e0 0.e0
   31   17 -4.4201481315247582E-08  5.1536615322554183E-08 0.e0 0.e0
   31   18  4.1257417256225502E-08  1.5114884345532379E-07 0.e0 0.e0
   31   19  7.4906796232949318E-08  9.4773927006365372E-08 0.e0 0.e0
   31   20  4.1356034912852518E-07  1.3257915418875509E-07 0.e0 0.e0
   31   21 -1.1142387105448830E-08  2.7003529896595820E-08 0.e0 0.e0
   31   22  1.2393827079206459E-07 -1.5723930552253350E-07 0.e0 0.e0
   31   23 -1.3879734508950121E-07 -1.6740283644819311E-07 0.e0 0.e0
   31   24  2.9885747457820662E-08  1.1444246279427569E-07 0.e0 0.e0
   31   25  2.6975995832007031E-09 -8.8502450553843264E-09 0.e0 0.e0
   31   26  1.7125913226196099E-07 -4.8176107290494673E-08 0.e0 0.e0
   31   27 -1.0794395833441440E-07 -1.2083786428134781E-07 0.e0 0.e0
   31   28 -3.9968578077814322E-07 -1.3145215370927559E-07 0.e0 0.e0
   31   29 -5.1366359009729553E-08  2.1177654546929961E-07 0.e0 0.e0
   31   30  4.8898788635706623E-08  2.0043669526703350E-07 0.e0 0.e0
   31   31 -1.8770411750075860E-07  1.0366944991723379E-07 0.e0 0.e0
   32    0  1.4199164415066540E-07  0.0000000000000000E+00 0.e0 0.e0
   32    1 -6.9008301003050204E-08 -1.8450978973317849E-07 0.e0 0.e0
   32    2  1.3571452247432001E-07  1.8175786246893730E-07 0.e0 0.e0
   32    3 -1.5237958885822189E-07  3.8103547315772572E-08 0.e0 0.e0
   32    4  2.0243538484911449E-07  6.5322199228227312E-08 0.e0 0.e0
   32    5  9.2088695039827188E-08 -6.6707883167499961E-08 0.e0 0.e0
   32    6  4.2216120461878249E-09 -2.0955403475299489E-07 0.e0 0.e0
   32    7  1.5998118485636949E-07 -1.7096554939386519E-07 0.e0 0.e0
   32    8 -2.3903048512526019E-07 -3.2727968772223782E-08 0.e0 0.e0
   32    9 -7.2496327817676861E-09 -9.8134727164149334E-08 0.e0 0.e0
   32   10 -1.8918870004901241E-08  1.1086350047943871E-07 0.e0 0.e0
   32   11 -5.6222017412753783E-08  8.3747710742040034E-08 0.e0 0.e0
   32   12  6.8589675912041462E-08  2.2521676724264161E-08 0.e0 0.e0
   32   13  4.9231679841695092E-08  1.6695087709746542E-08 0.e0 0.e0
   32   14  1.0886511036796810E-08 -1.8631661731997840E-07 0.e0 0.e0
   32   15  5.1757708843862072E-08  7.4475120792676999E-08 0.e0 0.e0
   32   16 -1.8517999711912979E-07 -4.9124912903018692E-08 0.e0 0.e0
   32   17  1.0058940344279920E-08 -2.1331055075556621E-08 0.e0 0.e0
   32   18  7.7932779460410839E-08  1.9222315559475072E-09 0.e0 0.e0
   32   19  2.1076515801856930E-07 -1.1451202158152390E-07 0.e0 0.e0
   32   20  1.6275293059884601E-07  3.6307007193329441E-08 0.e0 0.e0
   32   21 -8.7015122326974829E-08 -2.2006564172550320E-07 0.e0 0.e0
   32   22 -1.3141983548181709E-07 -6.5706171114170411E-08 0.e0 0.e0
   32   23 -2.8311552278668531E-08  1.3422778859965351E-07 0.e0 0.e0
   32   24 -1.4042290961879799E-08  1.5566011198718880E-07 0.e0 0.e0
   32   25  9.2227713951455806E-08 -1.2956988000446940E-07 0.e0 0.e0
   32   26  2.5640567067651571E-08 -6.8537066416396170E-08 0.e0 0.e0
   32   27 -6.2037265088381082E-08 -1.0238839881171219E-07 0.e0 0.e0
   32   28 -2.5102619712448360E-08  2.7652198344327742E-07 0.e0 0.e0
   32   29  6.4823341316124624E-08  1.8604827587785851E-07 0.e0 0.e0
   32   30  1.5376018182582620E-07 -8.0341209408402635E-08 0.e0 0.e0
   32   31  1.1600838970022609E-07  4.0321705631569283E-08 0.e0 0.e0
   32   32  9.8814690692256247E-08  7.7107073389659512E-08 0.e0 0.e0
   33    0 -9.3041161995794731E-08  0.0000000000000000E+00 0.e0 0.e0
   33    1 -3.9155619476503921E-08 -9.5472951755738484E-08 0.e0 0.e0
   33    2  6.0495095617281389E-08  2.0388444611356801E-07 0.e0 0.e0
   33    3 -1.2635136701065109E-07 -1.1722570873242300E-07 0.e0 0.e0
   33    4  9.3039604687992252E-08  3.0724477493342641E-08 0.e0 0.e0
   33    5 -1.5065698613803810E-07  5.6365977329365531E-08 0.e0 0.e0
   33    6 -1.4655889148091281E-07 -2.5737195557073528E-07 0.e0 0.e0
   33    7 -8.2933999034545262E-08  2.9017505639063501E-07 0.e0 0.e0
   33    8 -1.1613016656396209E-07 -1.5174951296085281E-07 0.e0 0.e0
   33    9  8.9989753058879369E-08  1.0568950686966560E-07 0.e0 0.e0
   33   10  5.9820199909105688E-09 -1.0939147720901480E-08 0.e0 0.e0
   33   11  1.6713370934542750E-07 -1.6807661092338261E-07 0.e0 0.e0
   33   12  1.7300030910776801E-07 -4.3788526045533312E-08 0.e0 0.e0
   33   13 -2.8840622092309700E-09 -1.9834544529064040E-08 0.e0 0.e0
   33   14  5.8856684519502652E-08 -1.8654676706815480E-08 0.e0 0.e0
   33   15 -1.2161177303677400E-07  1.0667577514684720E-07 0.e0 0.e0
   33   16  2.4639424579856639E-08 -5.9001777810272968E-08 0.e0 0.e0
   33   17  4.3606539106569017E-08  2.4765101992831768E-08 0.e0 0.e0
   33   18 -1.2190341059056400E-07  4.9682588850084671E-08 0.e0 0.e0
   33   19  2.0067276583451190E-07 -2.1213398184407039E-07 0.e0 0.e0
   33   20 -1.6804639835150579E-07 -3.7630183697907902E-08 0.e0 0.e0
   33   21 -6.7127255683312121E-08 -2.3457283311142829E-07 0.e0 0.e0
   33   22 -5.3737111456736953E-08  1.1984305878437651E-07 0.e0 0.e0
   33   23 -5.3045917259878153E-09  1.1866956881209659E-07 0.e0 0.e0
   33   24  1.5343563704200659E-07  1.3675531038335189E-07 0.e0 0.e0
   33   25  4.3550430286284293E-08 -5.8632154795252263E-08 0.e0 0.e0
   33   26 -3.7299578526325522E-08 -1.2038348936563821E-07 0.e0 0.e0
   33   27 -4.8200608425042718E-08  4.6056492187872341E-08 0.e0 0.e0
   33   28 -5.1790687097832173E-08  1.9390406026864819E-07 0.e0 0.e0
   33   29  1.6008323713881899E-07  1.1772951094374950E-08 0.e0 0.e0
   33   30  1.0982620523421721E-07 -1.6664622274891639E-07 0.e0 0.e0
   33   31 -1.6505664906862919E-07 -3.0499920741683240E-09 0.e0 0.e0
   33   32 -1.1726664325540211E-08 -4.0000930060880048E-07 0.e0 0.e0
   33   33  4.5174402586025787E-08 -1.0160378841311640E-07 0.e0 0.e0
   34    0 -1.0632887732392461E-07  0.0000000000000000E+00 0.e0 0.e0
   34    1  7.1415401897142285E-08 -4.9939191989393053E-08 0.e0 0.e0
   34    2 -1.0503626578362790E-07  4.8735766498620773E-08 0.e0 0.e0
   34    3  8.7426691656420210E-08 -1.6024833581982230E-07 0.e0 0.e0
   34    4 -2.6225259217101110E-08  1.0118550795607580E-07 0.e0 0.e0
   34    5 -1.4176810909249629E-07 -5.5390063209572447E-08 0.e0 0.e0
   34    6 -1.0099938127383279E-08  2.8211816113405839E-08 0.e0 0.e0
   34    7 -1.7057769281099299E-07  2.3369066516504980E-07 0.e0 0.e0
   34    8  2.2798882443566892E-08  3.7760690705900123E-08 0.e0 0.e0
   34    9  4.0136265384011702E-08  1.2008488518940759E-07 0.e0 0.e0
   34   10 -2.6202192746739029E-08 -1.0944880314150940E-07 0.e0 0.e0
   34   11  1.1353548626252819E-07 -2.1864018671670321E-07 0.e0 0.e0
   34   12 -7.3683620428852475E-08 -4.6168471565229713E-08 0.e0 0.e0
   34   13 -4.7579850021928781E-08 -1.2081902098228350E-07 0.e0 0.e0
   34   14  4.1492210791192372E-08  7.4710644016103333E-08 0.e0 0.e0
   34   15 -1.0997482077328889E-07  7.6542996763054433E-08 0.e0 0.e0
   34   16  2.3015340938087661E-07 -2.0105444760175092E-08 0.e0 0.e0
   34   17 -7.8588215654433869E-08  7.3834738497796672E-08 0.e0 0.e0
   34   18 -3.4445364411745752E-08 -9.4177461860616565E-08 0.e0 0.e0
   34   19  2.6527544728216930E-08  1.9789558549789850E-07 0.e0 0.e0
   34   20 -1.7884929132645501E-07 -7.6271520420408341E-08 0.e0 0.e0
   34   21  4.3553071302506183E-08  1.3735028836628479E-07 0.e0 0.e0
   34   22 -5.6480634178509722E-08  1.2819809899443320E-07 0.e0 0.e0
   34   23  1.2445272972257441E-07 -5.9915928409727871E-08 0.e0 0.e0
   34   24  1.1122139510232851E-07 -2.8476237200761750E-08 0.e0 0.e0
   34   25 -1.2252918749598119E-07 -8.9601300097711192E-08 0.e0 0.e0
   34   26  6.1971254618533661E-08 -1.1079395498102480E-07 0.e0 0.e0
   34   27 -9.7315257931023134E-08  1.2697196806340269E-07 0.e0 0.e0
   34   28  7.8424659353231952E-08 -2.4000607220929259E-08 0.e0 0.e0
   34   29  1.1085126465880940E-07  5.5038737301195307E-08 0.e0 0.e0
   34   30  8.2084920456087813E-09 -2.3302196924809060E-07 0.e0 0.e0
   34   31 -2.6560926919225028E-07  1.1935975196949980E-07 0.e0 0.e0
   34   32  1.3459906830385611E-07  9.7368420389679973E-08 0.e0 0.e0
   34   33 -3.7864802372635139E-07  5.5371199259954147E-08 0.e0 0.e0
   34   34  1.2899929461847120E-08  5.6821952047653063E-08 0.e0 0.e0
   35    0  3.4024288438553658E-08  0.0000000000000000E+00 0.e0 0.e0
   35    1  7.1144467291398490E-08  1.5644291900712211E-07 0.e0 0.e0
   35    2 -4.0982271089152203E-08 -5.8861114697072292E-08 0.e0 0.e0
   35    3  7.1213409593184471E-08 -5.8377933040032508E-08 0.e0 0.e0
   35    4 -1.7929286223617721E-07  8.1282437672105923E-08 0.e0 0.e0
   35    5  7.5843741150327531E-08 -2.1312335468172129E-07 0.e0 0.e0
   35    6  1.6604305607685219E-07  1.8345312607409969E-07 0.e0 0.e0
   35    7  3.4327777754990443E-08 -1.0628024552178880E-07 0.e0 0.e0
   35    8  1.8581591771855159E-07  8.6471564877470363E-08 0.e0 0.e0
   35    9 -3.9190194801627102E-08 -4.4365185019594807E-08 0.e0 0.e0
   35   10 -5.7246798699595002E-08 -6.8053676100103979E-08 0.e0 0.e0
   35   11 -5.5866176479524723E-08  3.4259711168244792E-08 0.e0 0.e0
   35   12 -1.5404403505834219E-07  4.9679959830521061E-08 0.e0 0.e0
   35   13 -6.1235114141357142E-08  1.5237402884358111E-08 0.e0 0.e0
   35   14 -5.7581877683415301E-08  1.0354562488116990E-07 0.e0 0.e0
   35   15  6.8613484166470630E-08 -1.7424767158547829E-07 0.e0 0.e0
   35   16  1.1821256289905221E-07  6.9364285159169428E-08 0.e0 0.e0
   35   17 -1.4970719875700659E-07 -7.9225958874616963E-08 0.e0 0.e0
   35   18  1.1065358799911551E-07 -6.7618308230379339E-08 0.e0 0.e0
   35   19 -1.0512687252784650E-07  8.1662940248482451E-08 0.e0 0.e0
   35   20  1.3408159324450509E-07 -1.0208799230801030E-07 0.e0 0.e0
   35   21  6.8286897314518651E-08  2.2539568227638071E-07 0.e0 0.e0
   35   22  6.2016696429319921E-08 -1.0509548000082010E-07 0.e0 0.e0
   35   23  3.6318691474751922E-08  5.2156564624231831E-08 0.e0 0.e0
   35   24 -1.4111667891907559E-07 -4.8081363517502137E-10 0.e0 0.e0
   35   25 -5.8129176179972783E-08 -4.2444888159175283E-08 0.e0 0.e0
   35   26  6.5991573606637773E-09  3.8245564679828872E-08 0.e0 0.e0
   35   27 -9.5783609026223032E-08  1.5875449157598520E-09 0.e0 0.e0
   35   28  1.5153677193595010E-07 -9.4181481113138865E-09 0.e0 0.e0
   35   29 -1.3530417563280879E-07 -5.3988464378971132E-08 0.e0 0.e0
   35   30  8.8716100802109765E-08 -1.2639213420519021E-07 0.e0 0.e0
   35   31 -5.8321007488984718E-08  2.8790343528139821E-08 0.e0 0.e0
   35   32  2.5531808292070540E-07  2.2268803718401721E-07 0.e0 0.e0
   35   33 -1.1265421756798219E-07 -2.0937342975520031E-07 0.e0 0.e0
   35   34  1.8927628048535371E-07  3.3038614834541960E-07 0.e0 0.e0
   35   35  1.0998534272364330E-07  2.0758703611699020E-09 0.e0 0.e0
   36    0  1.7352345802700461E-07  0.0000000000000000E+00 0.e0 0.e0
   36    1 -9.2007856008371074E-08 -3.0952448936565900E-08 0.e0 0.e0
   36    2  1.0530738484892290E-07 -1.2561437941773701E-07 0.e0 0.e0
   36    3 -1.1771852403467630E-07  5.2985466285570571E-08 0.e0 0.e0
   36    4 -1.5313565372215140E-07 -1.9696456884033421E-08 0.e0 0.e0
   36    5  8.1541689411796423E-08  8.3350902398881584E-09 0.e0 0.e0
   36    6 -1.1711756774511030E-07  8.9199564709527033E-09 0.e0 0.e0
   36    7  1.0130108131381110E-07 -1.2028864718113240E-07 0.e0 0.e0
   36    8  6.5650983855326063E-08 -4.8429664321144141E-08 0.e0 0.e0
   36    9 -4.6052228595997172E-08 -6.4211098547860040E-08 0.e0 0.e0
   36   10  7.7793593779078320E-08  3.1354655672475727E-08 0.e0 0.e0
   36   11 -7.5941886551186470E-08  4.0196531745606541E-08 0.e0 0.e0
   36   12 -3.2144990107619147E-08  8.1338662401160021E-09 0.e0 0.e0
   36   13  1.6000633386291669E-07  1.7591776430693591E-07 0.e0 0.e0
   36   14 -1.0071815566570820E-07 -4.4889184763151842E-08 0.e0 0.e0
   36   15  2.4731013684687929E-07 -9.7021649942600052E-08 0.e0 0.e0
   36   16 -1.4505743301733001E-07 -6.3431374593812647E-09 0.e0 0.e0
   36   17 -1.4215542344097820E-08 -1.1551738332249510E-07 0.e0 0.e0
   36   18 -2.1878663531801221E-08  1.5112603824599780E-07 0.e0 0.e0
   36   19 -1.0375681711073870E-07 -7.0982295220271862E-08 0.e0 0.e0
   36   20  1.9031547678995510E-07  7.8676120875159915E-08 0.e0 0.e0
   36   21  7.8982338009706250E-08 -4.1706629246173578E-08 0.e0 0.e0
   36   22  4.3102414379775842E-08 -1.0495857453142480E-07 0.e0 0.e0
   36   23  1.0009537462456780E-08  9.0614876441402204E-08 0.e0 0.e0
   36   24 -1.3926800128973271E-07 -5.7741876862596088E-08 0.e0 0.e0
   36   25  3.8683102481227643E-08  1.1124132178198440E-07 0.e0 0.e0
   36   26  1.1689001881252919E-08  7.5888958007031610E-08 0.e0 0.e0
   36   27  5.8596021799722803E-08 -7.0293939734974430E-08 0.e0 0.e0
   36   28  1.5076159933213461E-08  1.9367461081613100E-07 0.e0 0.e0
   36   29 -1.6405335298419641E-07 -1.6850176167800510E-07 0.e0 0.e0
   36   30 -7.4254465455895331E-08  2.0300350645333650E-07 0.e0 0.e0
   36   31 -1.3240823573794790E-07 -1.5088055722480529E-07 0.e0 0.e0
   36   32  2.0674945258381269E-07  1.5594694820138731E-08 0.e0 0.e0
   36   33  5.2539661504874101E-08 -3.0051816790934441E-07 0.e0 0.e0
   36   34 -6.9262542472925794E-08  1.5200865678709570E-07 0.e0 0.e0
   36   35  1.6192670968369651E-07 -2.1443667465336801E-07 0.e0 0.e0
   36   36 -1.0044992897759140E-07 -1.8993104225368830E-07 0.e0 0.e0
   37    0 -6.3741046289057150E-08  0.0000000000000000E+00 0.e0 0.e0
   37    1 -1.0611777630949591E-07 -1.8632051812706290E-07 0.e0 0.e0
   37    2  5.6009815733753203E-08 -2.2446207229091391E-08 0.e0 0.e0
   37    3 -1.1842092807006070E-07  6.2856719350806839E-08 0.e0 0.e0
   37    4  1.0005914273016900E-07  2.0014500256915651E-09 0.e0 0.e0
   37    5  7.2264811073958769E-08  1.2268383979687680E-07 0.e0 0.e0
   37    6 -1.8449611937997360E-07 -1.1901884817943060E-07 0.e0 0.e0
   37    7  1.7391050683384140E-08 -2.1457643848063579E-08 0.e0 0.e0
   37    8 -2.5558233195870249E-07 -8.8206213756179182E-08 0.e0 0.e0
   37    9 -1.0620157770467470E-07 -4.8196020181185413E-08 0.e0 0.e0
   37   10 -2.7260453085020112E-09  5.3806932218296873E-08 0.e0 0.e0
   37   11  7.4034346997526069E-08 -5.1020913506620543E-08 0.e0 0.e0
   37   12  7.5141166617708072E-08 -8.7603429403916834E-08 0.e0 0.e0
   37   13  7.9209639967711802E-08  3.9366188437952202E-08 0.e0 0.e0
   37   14 -8.1065694344038970E-09 -2.1589652872834841E-07 0.e0 0.e0
   37   15  4.6533599379558117E-08  3.9027411416846491E-08 0.e0 0.e0
   37   16 -1.3461496804365910E-07  7.2253579465040884E-09 0.e0 0.e0
   37   17  6.9995333268277029E-08  1.1342404950751620E-07 0.e0 0.e0
   37   18 -1.0608247963127480E-07  1.5337671225312510E-07 0.e0 0.e0
   37   19  1.1576736332664570E-07 -7.7702062297068632E-08 0.e0 0.e0
   37   20  7.5075036055401461E-08  8.7057509818666982E-08 0.e0 0.e0
   37   21 -1.4994230264514201E-08 -1.1213963263696450E-07 0.e0 0.e0
   37   22  4.4451651515338033E-08  4.7873051414468217E-08 0.e0 0.e0
   37   23 -1.2391483089678131E-07  3.2318312861779412E-08 0.e0 0.e0
   37   24  4.1417378852924142E-08 -1.9111012269063280E-08 0.e0 0.e0
   37   25  7.7326621210856984E-08  5.2528174298109912E-08 0.e0 0.e0
   37   26 -5.2153906481778981E-08 -8.1641095176670622E-08 0.e0 0.e0
   37   27  1.3504069301523100E-07 -7.9539227844172039E-08 0.e0 0.e0
   37   28 -1.7512993499676440E-07  1.2705491672337340E-08 0.e0 0.e0
   37   29  7.1470482599722573E-08 -1.0656217876793470E-07 0.e0 0.e0
   37   30 -5.2602301530057247E-08  3.1382247811784079E-07 0.e0 0.e0
   37   31  1.3582137005274120E-07 -1.3247281712944691E-07 0.e0 0.e0
   37   32 -4.4326791130363873E-09  9.9824161505700014E-08 0.e0 0.e0
   37   33 -2.5639009814894070E-07 -1.6915326937568349E-07 0.e0 0.e0
   37   34 -1.2681810372529520E-07  4.6625600984098993E-08 0.e0 0.e0
   37   35  2.2560076674541489E-07  7.1822320072323871E-08 0.e0 0.e0
   37   36 -3.1953116760542538E-07 -1.4063251761484349E-07 0.e0 0.e0
   37   37 -7.1841285233563025E-08  9.5724111685223512E-08 0.e0 0.e0
   38    0 -1.5405998574156460E-07  0.0000000000000000E+00 0.e0 0.e0
   38    1 -1.8725150453835798E-08 -9.1583448966180298E-09 0.e0 0.e0
   38    2 -1.6539765166918122E-08  1.1561106188445949E-07 0.e0 0.e0
   38    3 -9.1462668167888710E-08 -1.0809767167287560E-08 0.e0 0.e0
   38    4  1.7191699432976051E-07  5.9753324011347201E-08 0.e0 0.e0
   38    5 -5.3649166964855931E-08 -3.4281153285803283E-08 0.e0 0.e0
   38    6  9.9768326570849770E-08 -1.2193059030373480E-07 0.e0 0.e0
   38    7 -5.1102547958078612E-08  1.5558891893238221E-07 0.e0 0.e0
   38    8 -7.5344401017860512E-08  7.1912481545413382E-08 0.e0 0.e0
   38    9 -2.8346125209541060E-08  1.4022018233298871E-07 0.e0 0.e0
   38   10 -5.0959358077642622E-08  4.1315098657821473E-09 0.e0 0.e0
   38   11  4.3019144239984183E-08 -9.7559862884989775E-08 0.e0 0.e0
   38   12 -1.7129305870774869E-08 -8.6008156272069162E-08 0.e0 0.e0
   38   13 -5.4530742921943897E-08 -8.6074144792288493E-08 0.e0 0.e0
   38   14  3.3067505299285671E-08 -2.9537328778986109E-08 0.e0 0.e0
   38   15 -7.4733537259586694E-08 -7.2978104750845752E-08 0.e0 0.e0
   38   16 -5.7136955760144062E-08  2.2557039578988329E-08 0.e0 0.e0
   38   17  6.7089470986150363E-08  7.4411490243961630E-08 0.e0 0.e0
   38   18 -3.4841800828916690E-08 -9.0175956331260211E-08 0.e0 0.e0
   38   19  1.2084635693765930E-07 -6.5001652205626020E-08 0.e0 0.e0
   38   20  1.4193912751912891E-08 -3.5504919380974737E-08 0.e0 0.e0
   38   21 -1.9782468811196401E-08 -7.4871070662501524E-08 0.e0 0.e0
   38   22 -9.7071896873553566E-08  6.8387130079837683E-08 0.e0 0.e0
   38   23 -4.6197364882310861E-08 -1.0098875200363020E-07 0.e0 0.e0
   38   24  5.9689555035904404E-08  4.0277524559842673E-08 0.e0 0.e0
   38   25 -3.0551847724494910E-08 -3.8968966243183198E-08 0.e0 0.e0
   38   26  3.0444961811857902E-08 -1.1656011692344250E-07 0.e0 0.e0
   38   27 -5.6550019523513930E-09  1.0425749062421010E-07 0.e0 0.e0
   38   28 -1.2783776427157491E-07 -1.2301460525967901E-07 0.e0 0.e0
   38   29  1.5421865195310449E-07  2.0412514096121941E-07 0.e0 0.e0
   38   30 -1.3929808499773699E-07 -9.0603406745824274E-08 0.e0 0.e0
   38   31  3.0879633377199652E-07  1.6708915299764249E-08 0.e0 0.e0
   38   32 -1.2075088880431910E-07  2.7990428119870291E-08 0.e0 0.e0
   38   33  8.2116489399665752E-08  5.2458046954483246E-09 0.e0 0.e0
   38   34 -4.1154829117260563E-08  1.8964669066459271E-07 0.e0 0.e0
   38   35  1.3762911451233519E-07  4.7481109769087227E-08 0.e0 0.e0
   38   36 -1.3108468771968021E-07 -1.6947905597121030E-07 0.e0 0.e0
   38   37  7.2116642160146979E-08  3.1912563596010080E-07 0.e0 0.e0
   38   38  1.3659382787784400E-07  6.6003276570958289E-09 0.e0 0.e0
   39    0  5.3300296518817847E-08  0.0000000000000000E+00 0.e0 0.e0
   39    1  1.3292094229078051E-07  1.1341140325640750E-07 0.e0 0.e0
   39    2  1.5266323043110379E-09  8.9367826520247134E-08 0.e0 0.e0
   39    3  1.1544697443314651E-08 -2.2416832893452210E-08 0.e0 0.e0
   39    4 -1.3943081704577660E-08  3.7147422269354681E-08 0.e0 0.e0
   39    5 -1.1318742467645000E-07 -1.8968885023875070E-07 0.e0 0.e0
   39    6  7.5952483998406942E-08 -5.3033608789881273E-09 0.e0 0.e0
   39    7 -7.9199947776868484E-08 -1.4270267969447910E-09 0.e0 0.e0
   39    8  1.3404990452028629E-07  2.3597949828772129E-08 0.e0 0.e0
   39    9  1.0291991059300560E-07  1.6248764726980340E-08 0.e0 0.e0
   39   10  8.7014607494870442E-08  8.8965744828152320E-09 0.e0 0.e0
   39   11  5.1496874808932923E-08 -2.8020956341249119E-08 0.e0 0.e0
   39   12 -8.1395430631224550E-08 -2.3161127924717901E-08 0.e0 0.e0
   39   13 -2.5737302795979229E-08 -9.0315047807128653E-08 0.e0 0.e0
   39   14 -2.3273029493648630E-08  5.7524655688520962E-08 0.e0 0.e0
   39   15 -4.4139258526118877E-08  2.5426920730707720E-08 0.e0 0.e0
   39   16  6.5978882881334969E-08 -2.1611023131836550E-08 0.e0 0.e0
   39   17  4.3832121189280372E-08  1.9101381207184771E-08 0.e0 0.e0
   39   18  5.0596479080772032E-08 -1.8299313978655771E-07 0.e0 0.e0
   39   19 -7.6265510349001780E-08  7.1684168850240922E-08 0.e0 0.e0
   39   20 -9.7369681679613324E-09 -1.0481196667219839E-07 0.e0 0.e0
   39   21 -2.6240002446651179E-08  6.9020629660380632E-08 0.e0 0.e0
   39   22 -6.6994970937120112E-08 -1.1029185616235130E-08 0.e0 0.e0
   39   23  8.9542132971258069E-08 -1.1968974262989280E-09 0.e0 0.e0
   39   24 -1.7041397913174399E-08 -1.1366060449154550E-08 0.e0 0.e0
   39   25 -5.1927520782573713E-08 -8.6672589942709914E-08 0.e0 0.e0
   39   26 -1.7081179165595821E-08 -3.7483879524688449E-09 0.e0 0.e0
   39   27 -8.1205253651218911E-08  1.2890360457968621E-07 0.e0 0.e0
   39   28  1.9062945992975649E-07 -5.5199168562401373E-08 0.e0 0.e0
   39   29 -4.5299166976803431E-08  2.2098597271240089E-07 0.e0 0.e0
   39   30  9.1090715649129804E-08 -2.5138211429178671E-07 0.e0 0.e0
   39   31  6.4382994407110405E-08  1.5852724149788030E-07 0.e0 0.e0
   39   32 -1.1029173844851870E-07 -2.4387905056924291E-07 0.e0 0.e0
   39   33  1.7112465675371320E-07  1.1879831889164030E-07 0.e0 0.e0
   39   34 -4.7767683725477561E-08 -6.6998431683726150E-08 0.e0 0.e0
   39   35  1.4071716839129849E-07  9.0275121736172926E-08 0.e0 0.e0
   39   36 -4.6308462864084007E-08 -6.4841144849370293E-08 0.e0 0.e0
   39   37 -4.8600314891556532E-08  9.0444427821184413E-08 0.e0 0.e0
   39   38  2.1996393733324770E-07 -1.5314143963627541E-07 0.e0 0.e0
   39   39 -5.1597207682441097E-08 -2.2609837027806909E-07 0.e0 0.e0
   40    0  1.1431642571856310E-07  0.0000000000000000E+00 0.e0 0.e0
   40    1  3.1647660364933687E-08 -1.2315860111016490E-08 0.e0 0.e0
   40    2 -3.3315541741577042E-08 -9.2243360499731132E-08 0.e0 0.e0
   40    3  1.8701581254687180E-08 -1.0205576486770170E-08 0.e0 0.e0
   40    4 -9.0846175675476103E-08  5.2977246889948087E-08 0.e0 0.e0
   40    5  5.0177116883188513E-08 -1.2588819373650590E-07 0.e0 0.e0
   40    6 -1.1217077677067280E-07  7.8338895154592315E-08 0.e0 0.e0
   40    7  2.1718041200904621E-08 -4.0624066538334683E-08 0.e0 0.e0
   40    8  5.0790711991283391E-08 -7.5782032686181212E-08 0.e0 0.e0
   40    9  5.4145072508608202E-08 -1.1988569027936910E-07 0.e0 0.e0
   40   10  5.2353949617784162E-09 -1.1620105031857129E-07 0.e0 0.e0
   40   11  9.2282346940739848E-08 -6.2717455970037551E-08 0.e0 0.e0
   40   12 -1.5666361601992489E-09  1.3994069734621220E-08 0.e0 0.e0
   40   13  9.2899519041465608E-09  3.2590936643575061E-08 0.e0 0.e0
   40   14  9.2560115363515330E-09  5.1913782086675288E-08 0.e0 0.e0
   40   15 -9.7810519581017463E-08 -2.6810746744726531E-08 0.e0 0.e0
   40   16  1.3511476653449830E-07 -1.5392095664508581E-08 0.e0 0.e0
   40   17 -7.4151417465336532E-08 -3.1231163152071722E-08 0.e0 0.e0
   40   18  6.4803210962662469E-08  5.7378266470393187E-08 0.e0 0.e0
   40   19 -1.0626163688162100E-07  7.6350083673886074E-09 0.e0 0.e0
   40   20  4.4546605643986383E-08 -3.6682748646973609E-09 0.e0 0.e0
   40   21  1.2842102102267159E-08  7.4625674210358361E-08 0.e0 0.e0
   40   22  3.7840203669831671E-08 -3.3115310471431442E-08 0.e0 0.e0
   40   23  8.6159655778415223E-08  7.8277455659345510E-08 0.e0 0.e0
   40   24  4.5210104573282512E-08 -5.9931342692569679E-11 0.e0 0.e0
   40   25 -7.5734740408267544E-08 -4.7314574994362781E-08 0.e0 0.e0
   40   26  2.7047726198364879E-08  1.2100929081666580E-07 0.e0 0.e0
   40   27  4.6492553931192713E-09 -1.7294019656837769E-08 0.e0 0.e0
   40   28  1.7634915939065211E-07  1.1870827729518299E-07 0.e0 0.e0
   40   29 -8.9324278875407614E-08 -1.4283544336856740E-07 0.e0 0.e0
   40   30  1.5463854684447579E-07 -6.1857317940726088E-08 0.e0 0.e0
   40   31 -2.1632223442408729E-07 -1.1714023769748050E-08 0.e0 0.e0
   40   32  9.9384010028091922E-08 -5.6395574493421521E-08 0.e0 0.e0
   40   33 -7.3948282093979442E-08  1.2896122476894400E-07 0.e0 0.e0
   40   34  5.8934031083069974E-09 -2.1542192002439329E-07 0.e0 0.e0
   40   35 -7.5750529510708973E-08  8.2091206778419993E-08 0.e0 0.e0
   40   36 -1.8911941880542261E-08 -6.1202906971342760E-08 0.e0 0.e0
   40   37 -1.9229968816438468E-08  1.1666544956875890E-07 0.e0 0.e0
   40   38  1.0377193592993050E-07 -4.2416003480273973E-08 0.e0 0.e0
   40   39 -1.3635697439148091E-07 -8.8373941074185891E-09 0.e0 0.e0
   40   40 -2.7101100513344118E-07  8.5026569722694621E-08 0.e0 0.e0
   41    0  7.9871997105759519E-08  0.0000000000000000E+00 0.e0 0.e0
   41    1 -4.1043764165845303E-08 -6.6196153339955633E-08 0.e0 0.e0
   41    2  4.9179249652509597E-08 -1.1013450301150640E-07 0.e0 0.e0
   41    3 -8.2312573526092829E-08  6.8022061285030301E-08 0.e0 0.e0
   41    4  3.8617443674673813E-08 -9.1090743411112681E-09 0.e0 0.e0
   41    5  1.1298131071200550E-07  8.5119144101046612E-08 0.e0 0.e0
   41    6 -4.4944522954060142E-08  4.0965479663067913E-08 0.e0 0.e0
   41    7  7.6006661332476222E-08  1.1381524181573270E-07 0.e0 0.e0
   41    8  9.6423737198694305E-09 -6.0828607290153702E-08 0.e0 0.e0
   41    9 -7.0898379878253088E-08 -1.9501451859426580E-08 0.e0 0.e0
   41   10 -7.9036251409471309E-08 -6.9977959671344712E-08 0.e0 0.e0
   41   11 -2.5332751859082841E-08 -7.2000149507426119E-09 0.e0 0.e0
   41   12 -8.3779834167687820E-08  1.6107004253650731E-08 0.e0 0.e0
   41   13  4.3832520518013943E-08  2.3343830710948490E-09 0.e0 0.e0
   41   14 -5.2387436526443118E-08  5.4724464684394042E-08 0.e0 0.e0
   41   15  9.2140921844138248E-08 -5.7358728216130062E-08 0.e0 0.e0
   41   16 -3.9377891900435567E-08 -4.5074798336150379E-09 0.e0 0.e0
   41   17  1.2925635359866230E-08 -9.9882784338163854E-08 0.e0 0.e0
   41   18 -1.0515459741048680E-07  1.1322243917026700E-07 0.e0 0.e0
   41   19  9.1774661613064660E-09  1.6920261273236539E-08 0.e0 0.e0
   41   20  3.9632674215208358E-08  5.8044464641165463E-08 0.e0 0.e0
   41   21  1.0178759866291400E-07  7.6103953767527410E-09 0.e0 0.e0
   41   22  6.2787577838306609E-08 -3.0790208864839737E-08 0.e0 0.e0
   41   23 -5.1007543902693572E-08 -3.2075425395985773E-08 0.e0 0.e0
   41   24 -3.3047895443993861E-08 -8.3378097064279612E-08 0.e0 0.e0
   41   25  1.6129623177286039E-08 -6.0558536238174062E-08 0.e0 0.e0
   41   26 -1.5002838254841810E-08  9.4476752114376612E-08 0.e0 0.e0
   41   27  1.2136530532977621E-07 -6.5520567463968040E-08 0.e0 0.e0
   41   28 -8.7029992414525354E-08  5.3360448749159223E-08 0.e0 0.e0
   41   29 -4.3867782895983341E-08 -9.9875722628776192E-08 0.e0 0.e0
   41   30 -1.4172518633341620E-08  1.0689722703554319E-07 0.e0 0.e0
   41   31 -7.5750796045780452E-08 -1.0859777542615310E-07 0.e0 0.e0
   41   32  1.0990067595226921E-07  1.5469110921301549E-07 0.e0 0.e0
   41   33 -1.4856416031271959E-07 -2.8927228186120179E-08 0.e0 0.e0
   41   34  1.3058340922204921E-07 -7.6364501320176865E-08 0.e0 0.e0
   41   35 -1.8715593868844011E-07  4.7505811923597722E-08 0.e0 0.e0
   41   36  2.2862299407007860E-08 -5.0383898653871342E-08 0.e0 0.e0
   41   37  8.6528038465078909E-08  9.5184082798041005E-08 0.e0 0.e0
   41   38  2.0697875088996049E-08 -1.1672670545989641E-07 0.e0 0.e0
   41   39 -5.5167197888632668E-08 -2.2343651058036722E-08 0.e0 0.e0
   41   40  9.6016911042050594E-08  1.4806586193813390E-07 0.e0 0.e0
   41   41  9.4297429823070367E-08  1.5006966941898189E-07 0.e0 0.e0
   42    0 -1.7137556396439459E-08  0.0000000000000000E+00 0.e0 0.e0
   42    1 -3.1085555217210388E-08 -2.0747224762365502E-08 0.e0 0.e0
   42    2  5.8839602375953784E-09  8.9574906805196080E-08 0.e0 0.e0
   42    3 -1.1164560247900809E-07  2.4325083281381339E-08 0.e0 0.e0
   42    4  1.3329878375203610E-07  4.4277868919749381E-08 0.e0 0.e0
   42    5  4.3066671070897467E-08 -4.1939709906210613E-08 0.e0 0.e0
   42    6  5.1967204239964987E-08 -1.8241878220335150E-08 0.e0 0.e0
   42    7  7.1622019173744901E-08 -1.9140139720980339E-08 0.e0 0.e0
   42    8  5.8311147114710313E-08 -1.1124493316667720E-08 0.e0 0.e0
   42    9 -1.9001578573782611E-08  5.1369916410424927E-08 0.e0 0.e0
   42   10 -1.3435375341139611E-08  3.9066754006329112E-08 0.e0 0.e0
   42   11 -1.0622266046405760E-07  9.8714521861853553E-08 0.e0 0.e0
   42   12 -2.9156055296528991E-08  8.4347934667656576E-09 0.e0 0.e0
   42   13  3.8083233571807552E-10  4.2895604594033143E-09 0.e0 0.e0
   42   14 -6.7339003570920022E-08 -9.1892312588592614E-08 0.e0 0.e0
   42   15  9.7413956855713262E-08  7.8081651424869584E-09 0.e0 0.e0
   42   16 -1.4850282586143070E-07  1.5002549465408500E-08 0.e0 0.e0
   42   17  3.4946457205504107E-08  3.8312943419232140E-08 0.e0 0.e0
   42   18 -7.2182285726355242E-08  3.2160647815427140E-08 0.e0 0.e0
   42   19  7.1998416423079081E-08 -4.8876387429211362E-08 0.e0 0.e0
   42   20  2.9311588475205901E-08  1.2032268815139301E-08 0.e0 0.e0
   42   21  3.2595107644244431E-08 -7.6504405037729211E-08 0.e0 0.e0
   42   22 -2.4316022333933020E-08 -7.7247148133218600E-08 0.e0 0.e0
   42   23 -5.7432782183942077E-08 -9.5532279488757758E-09 0.e0 0.e0
   42   24 -6.0236532348569551E-08 -1.6040599693174530E-08 0.e0 0.e0
   42   25  2.8551297372567519E-08  7.0413032253180312E-08 0.e0 0.e0
   42   26  6.0661485042093622E-09 -9.0879720173483327E-08 0.e0 0.e0
   42   27  4.1464973076392673E-08 -5.3325049336206543E-08 0.e0 0.e0
   42   28 -1.3537264895830711E-07 -3.6903252119608633E-08 0.e0 0.e0
   42   29  3.9770580211219934E-09 -2.0070711819112278E-08 0.e0 0.e0
   42   30 -8.9197805112631992E-08  1.0456360005424260E-07 0.e0 0.e0
   42   31  9.7777844196337413E-08  3.3107553848855677E-08 0.e0 0.e0
   42   32  1.8825796918954612E-09  1.0264434234318540E-07 0.e0 0.e0
   42   33  9.9393773922422288E-08 -1.8640078621906360E-07 0.e0 0.e0
   42   34  6.6586344005882209E-10  3.7258492673236861E-08 0.e0 0.e0
   42   35 -1.2443040460240540E-07 -2.7676663690450339E-08 0.e0 0.e0
   42   36  8.2552359862342170E-08  6.7052447146477134E-08 0.e0 0.e0
   42   37  1.7102320914112520E-08  1.8757472258333540E-08 0.e0 0.e0
   42   38  7.0150903623199802E-09 -1.3743831882202600E-07 0.e0 0.e0
   42   39 -1.2087952580800200E-08  9.4783993450608066E-10 0.e0 0.e0
   42   40 -1.9957656394902161E-08  1.4256046084825890E-07 0.e0 0.e0
   42   41  7.4550314984643260E-08 -1.5665030746893270E-07 0.e0 0.e0
   42   42  7.5785726183163979E-08 -1.0699873237628981E-07 0.e0 0.e0
   43    0  3.7471842745203072E-08  0.0000000000000000E+00 0.e0 0.e0
   43    1  1.0940925204293170E-07 -4.6518061672389871E-08 0.e0 0.e0
   43    2 -2.7502886464458809E-08  1.5472351168609571E-07 0.e0 0.e0
   43    3 -5.6634453941805927E-08  1.6876664552559672E-08 0.e0 0.e0
   43    4  5.8773884977798221E-08  7.1322115880910800E-08 0.e0 0.e0
   43    5 -5.7211615963801272E-08 -9.2086521843098551E-08 0.e0 0.e0
   43    6 -2.8183841998379459E-08 -5.2794268166107312E-08 0.e0 0.e0
   43    7 -1.5109491761491501E-08 -5.0671082746500437E-08 0.e0 0.e0
   43    8 -4.7414250585318121E-09 -4.9040619502658312E-08 0.e0 0.e0
   43    9  5.6927781297715258E-08  3.6408462864318533E-08 0.e0 0.e0
   43   10  5.7090865770674262E-08  2.7299785311151939E-08 0.e0 0.e0
   43   11  1.1870731193889190E-08  9.2961007340671258E-09 0.e0 0.e0
   43   12  9.0647226275979881E-08  8.0403021621620174E-09 0.e0 0.e0
   43   13 -4.9130097206984682E-08  1.6668650379244290E-09 0.e0 0.e0
   43   14  2.6217930541455741E-09 -2.3469552074918950E-08 0.e0 0.e0
   43   15 -6.4975709624341304E-09  7.5480018508543451E-08 0.e0 0.e0
   43   16 -8.2163284341294182E-08 -8.3266185026719411E-08 0.e0 0.e0
   43   17  5.7724632602488273E-09  1.0443482734608840E-07 0.e0 0.e0
   43   18  1.7307091838774720E-08 -2.4085970491631841E-08 0.e0 0.e0
   43   19 -1.0235890752631530E-08 -8.2465781317579683E-08 0.e0 0.e0
   43   20 -3.4230932223467940E-09 -6.2505704725977740E-08 0.e0 0.e0
   43   21 -3.7149548149485632E-08 -1.0040409706186210E-07 0.e0 0.e0
   43   22 -6.3001129932942259E-08  3.7076901982693737E-08 0.e0 0.e0
   43   23 -1.0723202701120561E-07  3.9852254590481537E-08 0.e0 0.e0
   43   24 -2.0456039931410390E-08 -6.2013653216909018E-09 0.e0 0.e0
   43   25  4.3550529045118801E-08  5.8145896737270153E-08 0.e0 0.e0
   43   26  3.5068242081835120E-08 -8.7607428576049401E-08 0.e0 0.e0
   43   27 -3.5308164199753332E-08  1.0433673431789490E-07 0.e0 0.e0
   43   28 -8.4334891546169632E-08 -3.9205747691987771E-08 0.e0 0.e0
   43   29  1.8714465002736638E-08  1.4882653996220990E-07 0.e0 0.e0
   43   30  2.8212679299797081E-08 -3.7809465777908942E-08 0.e0 0.e0
   43   31  1.4028441313329869E-07  6.5448088623924091E-09 0.e0 0.e0
   43   32 -3.6540133060966673E-08 -6.5907204135334644E-08 0.e0 0.e0
   43   33  1.2489740204139020E-07 -6.6456338416773170E-08 0.e0 0.e0
   43   34 -1.8086846948942510E-07  1.9156392792913430E-08 0.e0 0.e0
   43   35  1.1616167578339940E-07  1.2850018242570830E-08 0.e0 0.e0
   43   36  2.0183663109732231E-08  1.1238488442878350E-07 0.e0 0.e0
   43   37  3.8750508202634828E-08 -5.8657085637391073E-08 0.e0 0.e0
   43   38 -6.3244673688973899E-08  2.9648542185686360E-08 0.e0 0.e0
   43   39 -7.4635923836723781E-08  5.6817100944223847E-08 0.e0 0.e0
   43   40  9.9875709287124122E-09  6.3582318152205199E-08 0.e0 0.e0
   43   41  8.7613415840494159E-08 -3.4307045255616830E-08 0.e0 0.e0
   43   42 -1.4901347533796320E-07 -5.1742819938211677E-08 0.e0 0.e0
   43   43 -1.1566099896650800E-07  3.1341189801872529E-09 0.e0 0.e0
   44    0  8.5524329039863840E-08  0.0000000000000000E+00 0.e0 0.e0
   44    1  8.3850034826364461E-08  1.5996922284384351E-09 0.e0 0.e0
   44    2 -4.7383539368391223E-08 -1.1429095402858490E-08 0.e0 0.e0
   44    3  8.6781111274101510E-08 -2.8057002814233372E-08 0.e0 0.e0
   44    4  4.2635426081388002E-08  1.4930471391427640E-08 0.e0 0.e0
   44    5  2.2842110478575401E-08 -5.0239429063942463E-08 0.e0 0.e0
   44    6 -1.0455791021996280E-07  5.6878315588005877E-08 0.e0 0.e0
   44    7 -1.0353451878592160E-07  8.9155653753268193E-09 0.e0 0.e0
   44    8 -5.0553512133621493E-08  5.6768249086620301E-08 0.e0 0.e0
   44    9  1.2305416456194189E-08  6.1245464372566503E-09 0.e0 0.e0
   44   10  2.8702632299081250E-08 -4.5126972323724348E-08 0.e0 0.e0
   44   11  5.8117779943790087E-08 -1.4470231349996529E-07 0.e0 0.e0
   44   12  3.8619109743098307E-08  2.4118475635070741E-09 0.e0 0.e0
   44   13 -2.6946599755023951E-08 -5.4019276646471498E-08 0.e0 0.e0
   44   14  5.2781117875213477E-08  5.6331461585802138E-08 0.e0 0.e0
   44   15 -4.1425424068052802E-08  3.1662857675478171E-08 0.e0 0.e0
   44   16  1.1381667483408540E-07 -1.2975366283877720E-08 0.e0 0.e0
   44   17  1.4242528464987590E-08 -1.6798474881229641E-08 0.e0 0.e0
   44   18  5.4584165288354497E-08 -2.4186520246601400E-08 0.e0 0.e0
   44   19 -5.4594231664254258E-09 -5.6998281404251623E-09 0.e0 0.e0
   44   20 -7.3487034811141202E-08 -4.4555136940010121E-08 0.e0 0.e0
   44   21 -4.1189532928050653E-08  6.1390113598152640E-08 0.e0 0.e0
   44   22  9.0384080620170283E-09  2.5931095822628839E-08 0.e0 0.e0
   44   23 -5.5985903118507084E-09 -3.7199475467357619E-10 0.e0 0.e0
   44   24  9.9954947413291572E-08  2.2522892183270111E-08 0.e0 0.e0
   44   25 -3.6462773242078573E-08 -2.8243651922494430E-08 0.e0 0.e0
   44   26 -6.6483391857885573E-09 -5.3173451362795557E-08 0.e0 0.e0
   44   27 -6.1870101571911623E-08  4.7515448598952557E-08 0.e0 0.e0
   44   28 -8.8922453061693363E-09  4.3288168671051990E-09 0.e0 0.e0
   44   29 -9.2701585348725802E-09  7.8290546289377349E-08 0.e0 0.e0
   44   30  1.0070698114291090E-07 -5.4711399155709687E-08 0.e0 0.e0
   44   31  6.4874257654950712E-09  5.6696368420009374E-09 0.e0 0.e0
   44   32 -3.9507976334654172E-08 -1.1480721203835839E-07 0.e0 0.e0
   44   33 -1.0068234422754279E-07  6.8675085783054870E-08 0.e0 0.e0
   44   34 -5.3958221083960017E-08 -3.1219946448202773E-08 0.e0 0.e0
   44   35  9.3310092392370870E-08  8.5294851784949574E-08 0.e0 0.e0
   44   36  3.2480357689670010E-09 -5.3999135982482587E-08 0.e0 0.e0
   44   37  6.9878965021720259E-08 -4.3287315369110178E-08 0.e0 0.e0
   44   38 -1.0698171160101250E-07  4.4964159828214733E-08 0.e0 0.e0
   44   39  5.2216479475137063E-08  3.5305334520983051E-08 0.e0 0.e0
   44   40  1.0020580028866940E-07  1.3256528091229689E-08 0.e0 0.e0
   44   41 -3.1576137868590563E-08 -5.9021595782638833E-08 0.e0 0.e0
   44   42  5.8575368170156192E-08 -3.1841242105327440E-08 0.e0 0.e0
   44   43 -6.8395396577632181E-10  1.0253780798043329E-07 0.e0 0.e0
   44   44  5.0469092624835337E-08  1.9157201867454991E-07 0.e0 0.e0
   45    0  7.0816882022473439E-09  0.0000000000000000E+00 0.e0 0.e0
   45    1 -1.3296976582754729E-08  6.6534684936877042E-08 0.e0 0.e0
   45    2 -7.5859988876592400E-08 -5.9366772604899227E-08 0.e0 0.e0
   45    3 -3.1288336452636682E-08  1.3994387397176570E-09 0.e0 0.e0
   45    4  4.4801136225444247E-08 -1.3327022127010760E-08 0.e0 0.e0
   45    5  5.5782576243611607E-08  1.4549561383987430E-08 0.e0 0.e0
   45    6  3.0991118828510422E-08  4.4211678959369152E-08 0.e0 0.e0
   45    7  3.9204071905402442E-08  9.0555599872658693E-08 0.e0 0.e0
   45    8  1.2025282909251610E-09  2.5768597646997800E-08 0.e0 0.e0
   45    9 -4.1689886151007030E-08  6.8031942837560232E-08 0.e0 0.e0
   45   10 -9.4904206100350488E-08 -9.3789931341861924E-08 0.e0 0.e0
   45   11 -3.4612560624975093E-08 -2.9884315131893713E-08 0.e0 0.e0
   45   12 -1.0900885608370560E-07 -1.2408142589623951E-08 0.e0 0.e0
   45   13 -6.1089332147779283E-08 -2.0836777079938710E-08 0.e0 0.e0
   45   14 -4.2805435245291702E-10  6.3067690646383739E-08 0.e0 0.e0
   45   15 -1.0093677530041090E-08 -1.1425541970500419E-07 0.e0 0.e0
   45   16  7.2495705193027511E-08  3.5989321277322470E-08 0.e0 0.e0
   45   17  8.5104685390003286E-09 -6.2755562162705310E-08 0.e0 0.e0
   45   18  6.0500033515889764E-08 -3.1282446374317503E-08 0.e0 0.e0
   45   19  2.3247088768756169E-08 -8.9575735474308089E-09 0.e0 0.e0
   45   20 -3.1738876652873501E-09 -2.9464093916811920E-08 0.e0 0.e0
   45   21  4.7755250994173034E-09  5.5020158294225963E-08 0.e0 0.e0
   45   22  5.7477301802602071E-08 -1.0082689121919501E-08 0.e0 0.e0
   45   23  4.3160171732370847E-08 -4.2464669436463657E-08 0.e0 0.e0
   45   24 -8.6949120978425074E-09  2.2566936447842442E-08 0.e0 0.e0
   45   25  4.8261549571777717E-08 -6.3145875372852851E-08 0.e0 0.e0
   45   26 -1.3781083666783460E-08  2.2072431906074442E-08 0.e0 0.e0
   45   27 -4.6343005056650343E-08 -3.7589942916291363E-09 0.e0 0.e0
   45   28  7.8148187644440609E-08  3.7010142461081297E-08 0.e0 0.e0
   45   29 -1.6483929470657571E-08 -1.5000358657275531E-08 0.e0 0.e0
   45   30  3.6480077514276101E-08 -4.3632243838042597E-08 0.e0 0.e0
   45   31 -9.6047661469233808E-08 -3.0622063205300112E-08 0.e0 0.e0
   45   32 -3.0754307390408008E-08  4.6331145159682542E-08 0.e0 0.e0
   45   33 -9.7621921347122933E-08  6.5918633199269810E-08 0.e0 0.e0
   45   34  5.0261918034275291E-08  1.8605801408433561E-08 0.e0 0.e0
   45   35 -3.0535133943112557E-08  2.2722675079391121E-08 0.e0 0.e0
   45   36  3.0922367051313182E-08 -7.9941687861232612E-08 0.e0 0.e0
   45   37 -1.1239119887232200E-07  5.1675783240508652E-08 0.e0 0.e0
   45   38 -2.9880709851304671E-08 -3.7096821704852383E-08 0.e0 0.e0
   45   39  9.0423983289436129E-08 -1.6802746784832989E-08 0.e0 0.e0
   45   40  2.0771503371137012E-09 -5.0700473636701027E-08 0.e0 0.e0
   45   41 -9.1701384497857444E-08 -1.2205899401810210E-07 0.e0 0.e0
   45   42 -4.2217657939705328E-08  7.9912712116935674E-08 0.e0 0.e0
   45   43 -1.0311655878126590E-08 -9.3263166085774407E-08 0.e0 0.e0
   45   44  2.7671029844338330E-08 -9.2947130324559163E-09 0.e0 0.e0
   45   45  1.2207329320214070E-07 -1.3131956375791811E-07 0.e0 0.e0
   46    0  7.5987367097924869E-08  0.0000000000000000E+00 0.e0 0.e0
   46    1 -2.5915102522951452E-08  2.7471214407565709E-08 0.e0 0.e0
   46    2 -1.9650576990196731E-08  3.9340574054676623E-08 0.e0 0.e0
   46    3 -4.9506857631354971E-08  4.3105646467268897E-08 0.e0 0.e0
   46    4 -1.5782825623008170E-09  2.6671432486938089E-08 0.e0 0.e0
   46    5  1.7502450665273479E-08  3.8338098547694833E-09 0.e0 0.e0
   46    6  1.5814069559538240E-08 -5.2784424123614487E-08 0.e0 0.e0
   46    7  4.7768073377267318E-09  2.4809146636188650E-08 0.e0 0.e0
   46    8  7.6139431128016741E-08 -1.8629588565592900E-08 0.e0 0.e0
   46    9  5.0854819120122321E-08  1.4526835821870110E-08 0.e0 0.e0
   46   10  2.8101249933856340E-08 -1.0860961990170790E-08 0.e0 0.e0
   46   11 -3.8525417399715807E-08  6.0365548089748078E-08 0.e0 0.e0
   46   12 -1.2884142131903131E-07  7.0348185116721761E-08 0.e0 0.e0
   46   13  4.5803597678275481E-08  7.2435849038390361E-08 0.e0 0.e0
   46   14 -1.0104159353350031E-07  4.1296463071040362E-08 0.e0 0.e0
   46   15  1.1226059133059190E-07 -3.4913567682375041E-09 0.e0 0.e0
   46   16 -8.4220283407263993E-08  2.8839133016602710E-08 0.e0 0.e0
   46   17  1.3135319549772810E-08 -6.1969901416681331E-08 0.e0 0.e0
   46   18 -4.0650277090905087E-08  4.7434479194609827E-08 0.e0 0.e0
   46   19 -6.2657249028578554E-08 -4.0167648416253761E-09 0.e0 0.e0
   46   20  5.0371007082258712E-08  4.2177565690707537E-08 0.e0 0.e0
   46   21 -1.6105832537482660E-08 -1.7033245141205689E-08 0.e0 0.e0
   46   22  3.2107379207394822E-08 -5.1936442954534707E-08 0.e0 0.e0
   46   23 -3.2155530442314387E-08 -3.8418176892369747E-08 0.e0 0.e0
   46   24 -6.0076479141730190E-08 -6.9435840605643939E-08 0.e0 0.e0
   46   25 -9.3487152177013471E-10 -4.0034290714103322E-08 0.e0 0.e0
   46   26 -1.2871097130107059E-08  3.3678749728784060E-08 0.e0 0.e0
   46   27  1.4742517463960399E-08 -3.2339406308604701E-08 0.e0 0.e0
   46   28  3.6138205300870661E-09  7.6558797730435231E-08 0.e0 0.e0
   46   29 -5.0684867347837111E-08 -8.2175164374130581E-08 0.e0 0.e0
   46   30 -2.5515291809644268E-08 -4.1661066427301202E-08 0.e0 0.e0
   46   31 -9.0500065907009915E-09  5.6963804443523647E-08 0.e0 0.e0
   46   32  2.9220048537814631E-08  5.7653353868610242E-08 0.e0 0.e0
   46   33  2.3061921547064679E-08  1.2546490744583380E-08 0.e0 0.e0
   46   34  6.6128195828951323E-08 -2.8573074141846971E-08 0.e0 0.e0
   46   35 -3.3832021781669332E-08 -6.8719335366843424E-08 0.e0 0.e0
   46   36 -8.7462068973516514E-09  5.9510942291544211E-08 0.e0 0.e0
   46   37 -1.2365684344913969E-07  3.8299187959994572E-08 0.e0 0.e0
   46   38  5.1064888612002412E-08  3.3655627843064681E-08 0.e0 0.e0
   46   39 -2.7508648084207650E-08  8.6354543160772033E-09 0.e0 0.e0
   46   40 -7.3551417071972269E-08 -3.1395531557854011E-08 0.e0 0.e0
   46   41 -1.7118756362328690E-08 -7.3069559603513099E-08 0.e0 0.e0
   46   42 -6.1193128608632982E-08  1.6768805906150490E-07 0.e0 0.e0
   46   43  5.0418991655279243E-08 -3.8740377358284123E-08 0.e0 0.e0
   46   44 -8.9823856959702204E-09  5.4720559910589031E-08 0.e0 0.e0
   46   45  1.7942334640991878E-08  2.0342167500590872E-08 0.e0 0.e0
   46   46 -1.5459355307663359E-07 -6.1676338688784440E-08 0.e0 0.e0
   47    0  1.5614301951303130E-08  0.0000000000000000E+00 0.e0 0.e0
   47    1  2.3609025745226040E-08 -1.0388620820807531E-07 0.e0 0.e0
   47    2  2.9646393062244212E-09  5.6639972735709062E-08 0.e0 0.e0
   47    3  5.2704918819669973E-08 -1.3794245411362680E-09 0.e0 0.e0
   47    4  8.1851609676822241E-08  6.6168165171316149E-08 0.e0 0.e0
   47    5 -3.7402201275496719E-09 -3.0625354541469449E-09 0.e0 0.e0
   47    6 -2.0413793975060600E-09 -1.7822421928175191E-08 0.e0 0.e0
   47    7 -2.6096874623112950E-08 -1.1144131567663740E-07 0.e0 0.e0
   47    8  1.3818880298297440E-08 -3.3102612010965580E-08 0.e0 0.e0
   47    9  1.9372544607452760E-08 -6.8453890897754640E-08 0.e0 0.e0
   47   10  3.8836813477129413E-08 -2.5974803105918101E-08 0.e0 0.e0
   47   11  1.1656363575311950E-08  4.2575337716427072E-08 0.e0 0.e0
   47   12  6.5057914860563920E-08 -1.9250824541312060E-08 0.e0 0.e0
   47   13  1.1995568065751530E-08  1.1701764231398260E-07 0.e0 0.e0
   47   14  2.1456691067849820E-08 -4.7139713071279618E-08 0.e0 0.e0
   47   15  1.7524858871249200E-08  6.1399267272348140E-08 0.e0 0.e0
   47   16 -1.1249604113748950E-08 -1.7713757486640639E-08 0.e0 0.e0
   47   17 -2.1454349663442841E-09  3.7108029914748192E-08 0.e0 0.e0
   47   18 -5.6041038707306787E-08  7.6481633006867533E-08 0.e0 0.e0
   47   19  5.2653009475560343E-08 -4.9927921104807953E-08 0.e0 0.e0
   47   20 -6.4701501854907848E-09  5.3749854165845902E-08 0.e0 0.e0
   47   21  1.7267930904419589E-08 -4.9606225509938342E-08 0.e0 0.e0
   47   22 -6.4399127634675531E-08 -2.0592778131918201E-08 0.e0 0.e0
   47   23 -6.1265781995959141E-08  5.3791358775832221E-08 0.e0 0.e0
   47   24 -6.0731889860468238E-08 -5.4278119146964663E-08 0.e0 0.e0
   47   25 -2.4833438094629802E-08  2.7271716452670110E-08 0.e0 0.e0
   47   26  1.1324794090940210E-09 -1.9916398660419091E-08 0.e0 0.e0
   47   27  2.5162579317479261E-08 -1.2885048781083690E-08 0.e0 0.e0
   47   28 -6.7332273243277863E-08  1.1681170810699170E-08 0.e0 0.e0
   47   29 -9.5616818536305902E-09 -1.1275646948486110E-07 0.e0 0.e0
   47   30 -4.8655336502165643E-08  4.4966992296574312E-08 0.e0 0.e0
   47   31  3.2232108668396122E-08 -8.7299695372077168E-09 0.e0 0.e0
   47   32  5.9907918671449982E-08  1.3308402668684691E-08 0.e0 0.e0
   47   33  4.1878874831374902E-08 -2.0952992929531140E-08 0.e0 0.e0
   47   34 -8.5950044430708048E-09 -1.0430897798193800E-07 0.e0 0.e0
   47   35  2.8934072637661000E-08 -3.4453397542848681E-08 0.e0 0.e0
   47   36 -2.6326153823111859E-08  5.3982163209910893E-08 0.e0 0.e0
   47   37  5.7671174914856917E-08 -6.3325244439165243E-09 0.e0 0.e0
   47   38  1.7891910708106471E-08  6.3276885864226668E-08 0.e0 0.e0
   47   39  7.0311880456086892E-08 -4.8770149122363111E-08 0.e0 0.e0
   47   40 -1.6027597113483761E-08  3.3173933296197851E-08 0.e0 0.e0
   47   41 -1.6628981842619978E-08  5.5436772513276471E-08 0.e0 0.e0
   47   42  5.7797659469229983E-09  5.8593961667630912E-08 0.e0 0.e0
   47   43  1.3859206998216579E-07  2.9646485641977078E-09 0.e0 0.e0
   47   44 -1.9102331435626339E-08  9.8336413661396019E-10 0.e0 0.e0
   47   45 -2.0243580815915009E-08  1.1855552840696251E-08 0.e0 0.e0
   47   46 -5.0494110664638594E-09 -5.9960208767685802E-08 0.e0 0.e0
   47   47  3.9016634733085787E-08  1.4013084125490451E-07 0.e0 0.e0
   48    0 -6.3750241134827699E-08  0.0000000000000000E+00 0.e0 0.e0
   48    1 -1.9762579165320080E-08 -7.1935622896234082E-08 0.e0 0.e0
   48    2 -6.7394142368719490E-08 -3.6465683234284137E-08 0.e0 0.e0
   48    3  3.1501252776408332E-08 -1.7251413095420339E-08 0.e0 0.e0
   48    4  8.7113213298670963E-08  1.4822951110727410E-08 0.e0 0.e0
   48    5 -1.8438600405829319E-08 -2.7758658523185819E-08 0.e0 0.e0
   48    6  2.2167200974868909E-10  6.3690413352121522E-08 0.e0 0.e0
   48    7  2.4290147206032891E-08  4.1319260120170911E-09 0.e0 0.e0
   48    8 -5.4724685141463572E-08  1.6965723165524921E-08 0.e0 0.e0
   48    9 -2.6484662888791281E-08  1.9297319491991659E-08 0.e0 0.e0
   48   10 -2.7412167214822730E-08 -2.7440515466141559E-08 0.e0 0.e0
   48   11 -1.6168441375188821E-08 -8.6346984004787953E-08 0.e0 0.e0
   48   12  1.0729327872635720E-07 -4.5846866530718681E-08 0.e0 0.e0
   48   13 -4.4650408335363178E-09 -5.8636496229109702E-08 0.e0 0.e0
   48   14  5.7722413946988117E-08  3.5568091087407127E-08 0.e0 0.e0
   48   15 -9.7569047018103591E-10  1.9261911766125070E-08 0.e0 0.e0
   48   16  7.3595596989960582E-08 -3.3891614405056541E-08 0.e0 0.e0
   48   17 -1.9339901087533729E-08  5.4579615546871717E-08 0.e0 0.e0
   48   18  3.1243176920553012E-08 -3.6656109603871737E-08 0.e0 0.e0
   48   19  7.9703081102276183E-08  5.6803461722788712E-09 0.e0 0.e0
   48   20 -1.0017600934077501E-09 -6.5581858147522963E-08 0.e0 0.e0
   48   21  2.5460022420247709E-08  3.3248858049502239E-09 0.e0 0.e0
   48   22 -3.4140412149492301E-08 -4.9924233757748613E-09 0.e0 0.e0
   48   23 -3.8433009085633043E-08  6.4918412890670270E-08 0.e0 0.e0
   48   24  2.3229396021088109E-08  3.3357193677674663E-08 0.e0 0.e0
   48   25  6.0057041403143620E-09  6.0435785326037792E-08 0.e0 0.e0
   48   26  3.6040279595973920E-08 -5.8091946101487402E-08 0.e0 0.e0
   48   27 -1.2785461164684380E-08  4.5379759717073297E-08 0.e0 0.e0
   48   28 -4.2663598426513397E-08 -9.8472372395266584E-09 0.e0 0.e0
   48   29  7.5456155750597337E-09  4.6154199826600671E-08 0.e0 0.e0
   48   30 -3.8421961280628443E-08  8.7862016596813804E-09 0.e0 0.e0
   48   31  9.6022131165956568E-08 -2.6932469663205360E-08 0.e0 0.e0
   48   32 -1.7141580496130462E-08  1.1830337989638490E-08 0.e0 0.e0
   48   33 -2.9458560564814932E-09 -6.5394256683156383E-08 0.e0 0.e0
   48   34 -3.6433567418369152E-08 -3.9284748074609782E-08 0.e0 0.e0
   48   35 -1.0809840538152090E-08  1.7315051787370481E-08 0.e0 0.e0
   48   36 -4.4599978135483233E-08  9.5828716675089686E-09 0.e0 0.e0
   48   37  8.6617633062467059E-08 -9.6995202952304684E-09 0.e0 0.e0
   48   38  2.1414062279445689E-10 -6.9569369141697913E-08 0.e0 0.e0
   48   39  4.0488623371387732E-08  3.0377216890451748E-08 0.e0 0.e0
   48   40 -2.8874987367371591E-08 -3.5603438761853533E-08 0.e0 0.e0
   48   41  5.1180716729067438E-11  4.0577891870018696E-09 0.e0 0.e0
   48   42  1.2344088160826949E-07  2.9193576849276589E-08 0.e0 0.e0
   48   43  1.6155109205826309E-08 -1.1546514332246049E-08 0.e0 0.e0
   48   44 -3.9025840695115792E-08 -1.4568607931726140E-07 0.e0 0.e0
   48   45  3.7749362680766513E-08  6.3010509122220051E-08 0.e0 0.e0
   48   46 -4.6298426798492982E-08 -2.6796519091463439E-08 0.e0 0.e0
   48   47 -5.5160436640001762E-08 -2.5423993864680618E-09 0.e0 0.e0
   48   48  1.2771364094735550E-07 -3.2473999675112073E-08 0.e0 0.e0
   49    0 -2.4331222300097099E-08  0.0000000000000000E+00 0.e0 0.e0
   49    1 -4.2165875083441413E-08  6.9326640864386959E-08 0.e0 0.e0
   49    2 -4.0787318991428403E-08 -1.4485001510092071E-08 0.e0 0.e0
   49    3 -3.5424948755476082E-08  4.5842173279045727E-08 0.e0 0.e0
   49    4 -1.6375765390998910E-08 -1.7169242814551180E-08 0.e0 0.e0
   49    5 -1.4320990741186261E-08 -6.1774980609956594E-09 0.e0 0.e0
   49    6  4.6681329671375091E-08 -3.7779336068049242E-08 0.e0 0.e0
   49    7  4.5394108538369321E-08  7.0940107173856414E-08 0.e0 0.e0
   49    8  9.6480660913728943E-09  5.0978431524877972E-08 0.e0 0.e0
   49    9  1.4046426722771679E-08  9.1241896197010133E-08 0.e0 0.e0
   49   10 -7.2810281401773550E-09  5.8187739726673613E-08 0.e0 0.e0
   49   11  1.3885509441237339E-08 -3.5712294965069268E-09 0.e0 0.e0
   49   12 -3.6000634499406313E-08  4.3808379732011712E-08 0.e0 0.e0
   49   13 -1.5741494034640448E-08 -8.3960012704327122E-08 0.e0 0.e0
   49   14 -6.6257106865837234E-08  1.2424856734831949E-07 0.e0 0.e0
   49   15 -1.7857708005444810E-08 -1.3708029051145311E-08 0.e0 0.e0
   49   16  4.1730099054416340E-08  3.2514403827523411E-08 0.e0 0.e0
   49   17 -2.6757273808305139E-08 -1.8634423688545310E-08 0.e0 0.e0
   49   18  4.8511057886281938E-08 -5.7418690964179212E-08 0.e0 0.e0
   49   19 -3.7159318539262001E-09 -9.1865210832788195E-09 0.e0 0.e0
   49   20 -3.6481146158293942E-08 -2.8303741666207851E-08 0.e0 0.e0
   49   21 -3.4098631562893672E-08  1.2958362047488291E-08 0.e0 0.e0
   49   22 -2.4433338455858041E-08  2.5669387356113341E-08 0.e0 0.e0
   49   23  4.1673657485320868E-08 -1.5824983437764751E-08 0.e0 0.e0
   49   24  2.0141023271968491E-08  3.4757300406351107E-08 0.e0 0.e0
   49   25  1.9459015678262761E-08  2.0867319047319191E-08 0.e0 0.e0
   49   26  3.8516365473709210E-08 -2.6967572635483520E-08 0.e0 0.e0
   49   27 -3.9670960758801481E-08  2.5448201469517290E-08 0.e0 0.e0
   49   28  4.9114401080034791E-08  2.4976605015527830E-09 0.e0 0.e0
   49   29  1.8999776588324139E-10  9.3229817405744326E-08 0.e0 0.e0
   49   30  3.5213090409624863E-08 -3.1789697680608412E-08 0.e0 0.e0
   49   31  5.2590207307942507E-08  1.6147468022602829E-08 0.e0 0.e0
   49   32 -5.6956279664886933E-08 -2.8996340502817620E-08 0.e0 0.e0
   49   33  2.0967857635557160E-08 -2.1375051060920139E-08 0.e0 0.e0
   49   34 -3.8317462542831381E-08  4.4978986938763873E-08 0.e0 0.e0
   49   35 -2.4824498682147762E-09  1.2600487390317820E-08 0.e0 0.e0
   49   36 -7.0874264428959780E-09 -2.5978606803980960E-08 0.e0 0.e0
   49   37  7.8179489380899363E-09  6.4085105242359808E-09 0.e0 0.e0
   49   38 -2.5967217013353081E-08 -8.1934023027526323E-08 0.e0 0.e0
   49   39 -4.9024037418913212E-08  7.2450723366859531E-08 0.e0 0.e0
   49   40 -6.2710985808800299E-09 -3.8441943156038417E-08 0.e0 0.e0
   49   41 -1.7518318450902211E-08  1.2185790948282380E-08 0.e0 0.e0
   49   42  2.5884031949442859E-08 -1.8558769655220920E-08 0.e0 0.e0
   49   43 -2.7887373814444430E-08 -7.8158379468500980E-08 0.e0 0.e0
   49   44 -4.5700968787527781E-08 -4.3979653544466968E-08 0.e0 0.e0
   49   45 -7.7171616902294059E-08  6.6129588102413759E-08 0.e0 0.e0
   49   46  4.6336356352455108E-08 -8.8822820888147182E-08 0.e0 0.e0
   49   47 -2.9101571862767379E-08  6.2689944831698471E-08 0.e0 0.e0
   49   48  1.4530398741670231E-08  3.8905623266605453E-08 0.e0 0.e0
   49   49 -1.0120468302635470E-07 -9.5048582292414182E-08 0.e0 0.e0
   50    0  5.5518316183221382E-08  0.0000000000000000E+00 0.e0 0.e0
   50    1 -8.9146895385472082E-09  3.5516031480898243E-08 0.e0 0.e0
   50    2  3.2929035769255971E-08  5.1659029521868433E-08 0.e0 0.e0
   50    3 -2.5459565398316901E-08  1.6146472722275330E-08 0.e0 0.e0
   50    4 -1.4219443845740400E-08 -9.5051567762534860E-09 0.e0 0.e0
   50    5 -4.3864879845661912E-08  1.7470830600592629E-08 0.e0 0.e0
   50    6  4.9009673284828942E-08 -3.3186764017648152E-08 0.e0 0.e0
   50    7 -1.2112504086960641E-08 -3.2168636180768721E-08 0.e0 0.e0
   50    8  4.8350478013820593E-08 -3.8834493493167811E-09 0.e0 0.e0
   50    9  3.9596880587795677E-08 -1.3518411780585161E-08 0.e0 0.e0
   50   10 -2.7647989802063939E-08 -2.4268348504982711E-08 0.e0 0.e0
   50   11  1.6424064699651550E-08  7.8566205443877140E-08 0.e0 0.e0
   50   12 -5.4725277778664452E-08 -1.5712145980743479E-08 0.e0 0.e0
   50   13  3.1639905362049999E-09  8.4168853825395041E-08 0.e0 0.e0
   50   14 -5.8205650492157793E-08  7.6394323676880621E-08 0.e0 0.e0
   50   15  3.3743293316659063E-08  2.3929876088189739E-08 0.e0 0.e0
   50   16 -2.2172186144013370E-08  4.1873047424387163E-08 0.e0 0.e0
   50   17 -6.6914992091900333E-09 -8.1120443195919680E-08 0.e0 0.e0
   50   18 -4.2969424993123567E-08  3.9802656858974972E-08 0.e0 0.e0
   50   19 -4.9307579503998542E-08  5.2911081209436636E-09 0.e0 0.e0
   50   20 -5.7844168993620931E-08 -1.3151307173354939E-08 0.e0 0.e0
   50   21 -3.9428044790698978E-08  4.5053087140207853E-08 0.e0 0.e0
   50   22  2.2083169662579771E-08  5.5110709458346997E-09 0.e0 0.e0
   50   23 -2.9476540976816099E-09 -2.4761393210521561E-08 0.e0 0.e0
   50   24 -2.3167380785832789E-08 -2.1843917543260049E-08 0.e0 0.e0
   50   25 -1.5149295783642759E-08 -2.9214677020141229E-08 0.e0 0.e0
   50   26  3.1525034017933167E-08 -4.3600221408865610E-09 0.e0 0.e0
   50   27 -1.9637544899872369E-09 -2.9879265242401342E-08 0.e0 0.e0
   50   28  3.7760142501198012E-08  2.2345745664451401E-08 0.e0 0.e0
   50   29 -3.3379962195498513E-08 -1.6147016813120740E-08 0.e0 0.e0
   50   30  5.5626822040388273E-08 -6.4943913200274539E-08 0.e0 0.e0
   50   31 -1.3183561849283790E-08 -1.6651967391241049E-08 0.e0 0.e0
   50   32  3.3014021158889700E-08 -1.4714356587998761E-09 0.e0 0.e0
   50   33 -3.0397622393980882E-08  6.0367040462299743E-08 0.e0 0.e0
   50   34 -1.3876658697445199E-08  5.4049742497374843E-08 0.e0 0.e0
   50   35 -1.6061381334190741E-08  1.1444145848826811E-08 0.e0 0.e0
   50   36  3.8460501215838288E-08  2.0165185707331649E-08 0.e0 0.e0
   50   37 -2.2900232600051399E-08 -1.7093082517859330E-08 0.e0 0.e0
   50   38 -1.3077862187704181E-08  3.5588033623319080E-08 0.e0 0.e0
   50   39 -3.0798378590850622E-08  4.4230857411351352E-08 0.e0 0.e0
   50   40  5.7326599062175503E-08 -3.0659745719022300E-08 0.e0 0.e0
   50   41 -1.0191812185934289E-08  9.3692087639537567E-09 0.e0 0.e0
   50   42 -1.3088127341329980E-08 -4.2668539015090678E-08 0.e0 0.e0
   50   43 -6.4205845483577124E-08  2.8128874072328060E-08 0.e0 0.e0
   50   44  1.7331881280579619E-08  4.5832344442830367E-08 0.e0 0.e0
   50   45 -5.4902599234380482E-08  2.8644337935898591E-08 0.e0 0.e0
   50   46  7.7656580301768369E-08 -1.3772036351399739E-10 0.e0 0.e0
   50   47 -8.3828906326495605E-08 -3.1106957533502582E-08 0.e0 0.e0
   50   48  8.5158050861342004E-08  6.3548965974157246E-09 0.e0 0.e0
   50   49  2.7467922569274171E-08 -1.3942102845328860E-08 0.e0 0.e0
   50   50 -6.1739297428029809E-08  7.7790588732529842E-08 0.e0 0.e0
