2440.0e0,22031.810d0,0.01e-8, 4, 4 ,1, 0.0000000000000000E+00,0.0000000000000000E+00 

  0  0   1.0000000000000000D+00   0.0000000000000000D+00
  1  0   0.0000000000000000D+00   0.0000000000000000D+00
  1  1   0.0000000000000000D+00   0.0000000000000000D+00
  2  0  -0.8570000000000000D-05   0.0000000000000000D-05
  2  1   0.0000000000000000D-05   0.0000000000000000D-05
  2  2   1.2580000000000000D-05  -0.0430000000000000D-05
  3  0   0.0490000000000000D-05   0.0000000000000000D-05
  3  1  -0.6340000000000000D-05  -0.3360000000000000D-05
  3  2   0.0980000000000000D-05  -0.0590000000000000D-05
  3  3  -0.4030000000000000D-05  -0.0190000000000000D-05
  4  0   0.0310000000000000D-05   0.0000000000000000D-05
  4  1   0.0330000000000000D-05   0.0360000000000000D-05
  4  2   0.0270000000000000D-05  -0.0280000000000000D-05
  4  3   0.0840000000000000D-05  -0.0130000000000000D-05
  4  4   0.1360000000000000D-05  -0.0460000000000000D-05

 
 
 
