03552         C2009 07 07.03331 11 24 20.89 -49 33 49.4                r~07fsI21
03552         C2009 07 07.04116 11 24 21.45 -49 33 50.8                r~07fsI21
03552         C2009 07 07.04754 11 24 21.82 -49 33 52.6                r~07fsI21
03552         C2009 07 08.98688 11 26 59.56 -49 42 21.0                r~07fsI21
03552         C2009 07 08.99994 11 27 00.62 -49 42 24.7                r~07fsI21
03552         C2009 07 09.00725 11 27 01.22 -49 42 25.8          15.3 Cr~07fsI20
03552         C2009 07 09.00993 11 27 01.44 -49 42 26.4                r~07fsI21
03552         C2009 07 09.01224 11 27 01.63 -49 42 27.0          15.4 Cr~07fsI20
03552         C2009 07 09.01678 11 27 02.00 -49 42 28.1          15.4 Cr~07fsI20
03552         C2009 07 11.96129 11 31 29.97 -49 57 34.8                r~07fsI21
03552         C2009 07 12.06822 11 31 40.15 -49 58 07.9                r~07fsI21
03552         C2009 07 17.03444 11 40 35.02 -50 29 40.8          15.4 Cr~07fsI20
03552         C2009 07 17.04017 11 40 35.69 -50 29 43.0          15.4 Cr~07fsI20
03552         C2009 07 17.04565 11 40 36.34 -50 29 45.2          15.4 Cr~07fsI20
03552         C2009 07 17.39207211 41 17.73 -50 32 15.5                r~07mb432
03552         C2009 07 17.42130811 41 21.16 -50 32 27.1                r~07mb432
03552         C2009 07 20.33760411 47 30.89 -50 54 39.4                r~07mb432
03552         C2009 07 20.37148111 47 35.26 -50 54 54.6                r~07mb432
03552         C2009 07 20.38149311 47 36.55 -50 54 59.2                r~07mb432
03552         C2009 07 24.33647011 57 03.16 -51 28 43.8                r~07mb432
03552         C2009 07 24.36450211 57 07.34 -51 28 57.9                r~07mb432
03552         C2009 07 24.40391211 57 13.27 -51 29 17.8                r~07mb432
03552        |C2009 08 03.44860 12 27 33.46 -53 09 30.1          15.2 Co~08CnD90
03552        |C2009 08 03.45078 12 27 33.90 -53 09 31.6          15.2 Co~08CnD90
03552         C2009 08 06.05625 12 37 07.37 -53 37 21.7          15.3 Cr~08CnI20
03552         C2009 08 06.05832 12 37 07.84 -53 37 23.0          15.2 Cr~08CnI20
03552         C2009 08 06.06249 12 37 08.79 -53 37 25.4          15.3 Cr~08CnI20
03552         C2009 08 06.06612 12 37 09.63 -53 37 27.4          15.3 Cr~08CnI20
03552         C2009 08 08.35682912 46 13.31 -54 02 00.4                r~08I0432
03552         C2009 08 08.36296312 46 14.75 -54 02 04.0                r~08I0432
03552         C2009 08 08.41343812 46 27.04 -54 02 34.3                r~08I0432
03552         C2009 08 09.34953712 50 20.74 -54 12 30.7                r~08I0432
03552         C2009 08 09.38275512 50 29.02 -54 12 50.9                r~08I0432
03552         C2009 08 09.40674812 50 35.04 -54 13 05.2                r~08I0432
03552         C2009 08 16.99404 13 26 28.28 -55 26 57.7          15.0 Cr~08I0I20
03552         C2009 08 17.00376 13 26 31.32 -55 27 02.4          15.0 Cr~08I0I20
03552         C2009 08 17.00485 13 26 31.66 -55 27 02.9          15.0 Cr~08I0I20
03552        |C2009 08 17.52617 13 29 17.42 -55 31 22.0          14.7 Co~08I0D90
03552        |C2009 08 17.52810 13 29 18.00 -55 31 22.7                o~08I0D90
03552        |C2009 08 17.53003 13 29 18.60 -55 31 23.7                o~08I0D90
03552         C2009 08 24.09538 14 07 31.73 -56 12 57.3          14.9 Rc~08WD844
03552         C2009 08 24.09834 14 07 32.90 -56 12 57.7          15.0 Rc~08WD844
03552         C2009 08 24.10037 14 07 33.63 -56 12 58.0          14.8 Rc~08WD844
03552         C2009 08 24.10175 14 07 34.15 -56 12 58.3          15.2 Rc~08WD844
03552         C2009 08 24.10348 14 07 34.79 -56 12 58.6          15.1 Rc~08WD844
03552         C2009 08 24.11752 14 07 40.14 -56 13 01.2          15.1 Rc~08WD844
03552         C2009 08 24.11919 14 07 40.78 -56 13 01.6          15.1 Rc~08WD844
03552         C2009 08 29.04618 14 40 23.97 -56 20 21.1          14.9 Cr~08f7I19
03552         C2009 08 29.04892 14 40 25.12 -56 20 20.7          14.9 Cr~08f7I19
03552         C2009 08 29.05184 14 40 26.33 -56 20 20.3          14.9 Cr~08f7I19
03552        |C2009 09 19.46909 17 19 51.66 -49 49 07.0          14.6 Co~09OoD90
03552        |C2009 09 19.47166 17 19 52.74 -49 49 01.3          14.6 Co~09OoD90
03552        |C2009 09 19.47424 17 19 53.80 -49 48 55.5          14.7 Co~09OoD90
03552         C2009 09 25.11966 17 57 51.28 -45 57 49.3          14.8 Rr~09OoI19
03552         C2009 09 25.12233 17 57 52.29 -45 57 41.9          14.8 Rr~09OoI19
03552         C2009 09 25.12502 17 57 53.33 -45 57 34.9          14.8 Rr~09OoI19
03552         C2009 10 01.54718 18 36 08.84 -40 49 22.4          15.3 Rc~09t0D21
03552         C2009 10 01.54918 18 36 09.47 -40 49 16.7          15.3 Rc~09t0D21
03552         C2009 10 01.55117 18 36 10.14 -40 49 10.2          15.3 Rc~09t0D21
03552         C2009 10 03.01505 18 44 08.84 -39 34 19.6          14.9 Cr~09t0I20
03552         C2009 10 03.02431 18 44 11.77 -39 33 50.8          15.0 Cr~09t0I20
03552         C2009 10 03.02704 18 44 12.63 -39 33 42.4          14.9 Cr~09t0I20
03552         C2009 10 08.56655 19 12 03.64 -34 42 19.1          14.7 Rc~09t0D21
03552         C2009 10 08.56855 19 12 04.19 -34 42 12.9          14.9 Rc~09t0D21
03552         C2009 10 08.57058 19 12 04.76 -34 42 06.2          14.8 Rc~09t0D21
03552         C2009 10 15.54139 19 42 31.20 -28 32 21.9          15.5 Rc~0A0lD21
03552         C2009 10 15.54353 19 42 31.69 -28 32 15.1          15.5 Rc~0A0lD21
03552         C2009 10 15.54566 19 42 32.20 -28 32 08.3          15.5 Rc~0A0lD21
03552         C2009 10 16.79204 19 47 31.17 -27 27 19.7          15.3 Rw~0AJ6J35
03552         C2009 10 16.79370 19 47 31.64 -27 27 14.3          15.4 Rw~0AJ6J35
03552         C2009 10 16.79578 19 47 32.13 -27 27 08.0          15.2 Rw~0AJ6J35
03552        QC2009 10 22.47387 20 08 42.55 -22 39 07.5          15.7 Vr~0AJ6E12
03552        QC2009 10 22.48315 20 08 44.49 -22 38 40.0          15.8 Vr~0AJ6E12
03552        QC2009 10 22.49214 20 08 46.38 -22 38 13.2          15.6 Vr~0AJ6E12
03552        QC2009 10 22.50116 20 08 48.26 -22 37 46.5          15.5 Vr~0AJ6E12
03552         C2009 10 24.79097 20 16 43.87 -20 46 40.4          15.2 Cw~0AfcJ35
03552         C2009 10 24.79116 20 16 43.92 -20 46 40.0          15.7 Cw~0AfcJ35
03552         C2009 10 24.79201 20 16 44.09 -20 46 37.3          15.0 Cw~0AfcJ35
03552         C2009 10 26.74295 20 23 14.00 -19 14 15.3          16.0  o~0Gb2C20
03552         C2009 10 26.74446 20 23 14.29 -19 14 11.0          16.1  o~0Gb2C20
03552         C2009 10 27.73809 20 26 28.13 -18 28 03.0          16.6  o~0Gb2C20
03552         C2009 10 27.73956 20 26 28.41 -18 27 59.1          16.5  o~0Gb2C20
03552         C2009 10 28.38731 20 28 33.30 -17 58 14.0          15.3 Vr~0Afc379
03552         C2009 10 28.38918 20 28 33.67 -17 58 09.3          15.2 Vr~0Afc379
03552         C2009 10 28.39832 20 28 35.38 -17 57 44.1          15.5 Vr~0Afc379
03552         C2009 10 28.40019 20 28 35.73 -17 57 38.7          15.3 Vr~0Afc379
03552         C2009 10 28.73674 20 29 39.80 -17 42 18.7          16.1  o~0Gb2C20
03552         C2009 10 28.73821 20 29 40.08 -17 42 14.7          16.2  o~0Gb2C20
03552         C2009 10 30.83867 20 36 13.44 -16 08 08.7          15.8 Cr~0AvEA81
03552         C2009 10 30.84168 20 36 13.99 -16 08 00.6          15.4 Cr~0AvEA81
03552         C2009 10 30.84488 20 36 14.56 -16 07 52.2          15.6 Cr~0AvEA81
03552         C2009 11 01.06043 20 39 56.83 -15 14 43.2          16.0 Rr~0AvE448
03552         C2009 11 01.06186 20 39 57.08 -15 14 39.5          16.0 Rr~0AvE448
03552         C2009 11 01.06400 20 39 57.46 -15 14 34.0          15.8 Rr~0AvE448
03552         C2009 11 01.06615 20 39 57.85 -15 14 28.3          15.9 Rr~0AvE448
03552         C2009 11 01.06829 20 39 58.21 -15 14 23.0          16.0 Rr~0AvE448
03552         C2009 11 03.01737 20 45 45.99 -13 51 12.1          15.5 Rv~0AvEH47
03552         C2009 11 03.01965 20 45 46.39 -13 51 06.0          15.7 Rv~0AvEH47
03552         C2009 11 03.02367 20 45 47.06 -13 50 56.1          15.7 Rv~0AvEH47
03552         C2009 11 03.02521 20 45 47.36 -13 50 52.0          15.6 Rv~0AvEH47
03552         C2009 11 03.02679 20 45 47.63 -13 50 47.9          15.5 Rv~0AvEH47
03552         C2009 11 05.71905 20 53 32.62 -12 00 01.3          16.5  o~0Gb2C20
03552         C2009 11 05.72052 20 53 32.87 -11 59 57.7          16.3  o~0Gb2C20
03552         C2009 11 07.06350 20 57 18.88 -11 06 26.0          15.8 Ro~0B2zH47
03552         C2009 11 07.06515 20 57 19.17 -11 06 22.3          15.8 Ro~0B2zH47
03552         C2009 11 07.06660 20 57 19.43 -11 06 18.5          15.8 Ro~0B2zH47
03552         C2009 11 08.02397 20 59 58.33 -10 28 51.7          15.8 Ro~0B2zH47
03552         C2009 11 08.02565 20 59 58.58 -10 28 48.2          15.7 Ro~0B2zH47
03552         C2009 11 08.02844 20 59 59.05 -10 28 41.4          15.8 Ro~0B2zH47
03552         C2009 11 08.02995 20 59 59.30 -10 28 38.0          15.7 Ro~0B2zH47
03552        |C2009 11 11.14868 21 08 24.11 -08 30 38.1          16.1 Co~0Bq9H06
03552        |C2009 11 11.15212 21 08 24.67 -08 30 29.7          16.1 Co~0Bq9H06
03552         C2009 11 12.05028 21 10 47.05 -07 57 37.2          16.1 Ro~0B2zH47
03552         C2009 11 12.05485 21 10 47.74 -07 57 27.5          16.0 Ro~0B2zH47
03552         C2009 11 12.06024 21 10 48.56 -07 57 15.8          15.9 Ro~0B2zH47
03552         C2009 11 14.05426 21 15 59.40 -06 46 00.3          15.2 Ro~0BKlH47
03552         C2009 11 14.05655 21 15 59.88 -06 45 53.7          15.6 Ro~0BKlH47
03552         C2009 11 14.05830 21 16 00.19 -06 45 50.1          15.8 Ro~0BKlH47
03552         C2009 11 14.38528 21 16 50.65 -06 34 22.3          16.6 Vr~0BKl379
03552         C2009 11 14.38715 21 16 50.93 -06 34 18.3          16.6 Vr~0BKl379
03552         C2009 11 14.40076 21 16 52.99 -06 33 50.1          16.4 Vr~0BKl379
03552         C2009 11 14.40264 21 16 53.30 -06 33 45.8          16.0 Vr~0BKl379
03552         C2009 11 14.40451 21 16 53.58 -06 33 42.0          16.5 Vr~0BKl379
03552         C2009 11 16.06693 21 21 07.38 -05 36 20.5          16.6  c~0BKl704
03552         C2009 11 16.07949 21 21 09.21 -05 35 55.2          16.6  c~0BKl704
03552         C2009 11 16.09204 21 21 11.11 -05 35 28.3          16.5  c~0BKl704
03552         C2009 11 16.10461 21 21 12.99 -05 35 03.4          16.5  c~0BKl704
03552         C2009 11 16.11717 21 21 14.86 -05 34 37.8          16.4  c~0BKl704
03552         C2009 11 18.79473 21 27 55.06 -04 05 32.4          16.3  o~0Gb2C20
03552         C2009 11 21.77634 21 35 10.23 -02 30 43.2          16.0  o~0Gb2C20
03552         C2009 11 21.77781 21 35 10.44 -02 30 40.6          16.0  o~0Gb2C20
03552         C2009 11 24.00983 21 40 29.73 -01 22 32.7          15.7 Ro~0Bq9H47
03552         C2009 11 24.01308 21 40 30.18 -01 22 26.8          15.7 Ro~0Bq9H47
03552         C2009 11 24.01651 21 40 30.67 -01 22 20.7          15.7 Ro~0Bq9H47
03552         C2009 11 24.77350 21 42 17.45 -00 59 47.5                o~0Gb2C20
03552         C2009 11 24.77497 21 42 17.68 -00 59 44.9          17.0  o~0Gb2C20
03552         C2009 12 01.74478 21 58 17.52 +02 16 14.4          17.6  o~0Gb2C20
03552         C2009 12 01.74625 21 58 17.69 +02 16 16.8          17.9  o~0Gb2C20
03552         C2009 12 02.76330 22 00 34.28 +02 43 13.5          16.8  o~0Gb2C20
03552         C2009 12 02.76477 22 00 34.47 +02 43 16.1          16.7  o~0Gb2C20
03552         C2009 12 02.77671 22 00 36.16 +02 43 34.4          16.6 Cw~0CCH160
03552         C2009 12 02.77872 22 00 36.41 +02 43 37.8          15.6 Cw~0CCH160
03552         C2009 12 02.78072 22 00 36.69 +02 43 40.9          15.7 Cw~0CCH160
03552         C2009 12 03.74962 22 02 46.01 +03 08 59.2          16.8  o~0Gb2C20
03552         C2009 12 03.99618 22 03 18.92 +03 15 22.6                o~0CCHI15
03552         C2009 12 04.00350 22 03 19.85 +03 15 34.0                o~0CCHI15
03552         C2009 12 04.01083 22 03 20.83 +03 15 45.3                o~0CCHI15
03552         C2009 12 04.75972 22 05 00.15 +03 34 58.9          17.9  o~0Gb2C20
03552         C2009 12 05.77626 22 07 14.54 +04 00 48.2          16.3 Cw~0CCH160
03552         C2009 12 05.77779 22 07 14.74 +04 00 50.4          16.1 Cw~0CCH160
03552         C2009 12 05.77932 22 07 14.94 +04 00 52.8          16.1 Cw~0CCH160
03552         C2009 12 07.04611 22 10 01.28 +04 32 32.9                o~0CCHI15
03552         C2009 12 07.05335 22 10 02.21 +04 32 43.1                o~0CCHI15
03552         C2009 12 07.06204 22 10 03.35 +04 32 56.2                o~0CCHI15
03552         C2009 12 09.68013 22 15 44.08 +05 36 39.6          16.7  o~0Gb2C20
03552         C2009 12 09.74854 22 15 52.94 +05 38 17.3          16.5 Rr~0CMZ130
03552         C2009 12 09.74908 22 15 53.02 +05 38 18.5          16.8 Rr~0CMZ130
03552         C2009 12 09.74962 22 15 53.09 +05 38 18.7          16.7 Rr~0CMZ130
03552         C2009 12 09.75044 22 15 53.18 +05 38 20.0          16.6 Rr~0CMZ130
03552         C2009 12 09.78540 22 15 57.66 +05 39 10.1          17.0 Cw~0CCH160
03552         C2009 12 09.78697 22 15 57.86 +05 39 12.5          16.9 Cw~0CCH160
03552         C2009 12 09.78852 22 15 58.06 +05 39 14.7          16.9 Cw~0CCH160
03552         C2009 12 10.76723 22 18 04.24 +06 02 28.7          16.7  o~0Gb2C20
03552         C2009 12 11.03170 22 18 38.37 +06 08 42.3          16.5 Rr~0CCHH53
03552         C2009 12 11.03315 22 18 38.57 +06 08 44.2          16.5 Rr~0CCHH53
03552         C2009 12 11.03455 22 18 38.70 +06 08 46.6          16.6 Rr~0CCHH53
03552         C2009 12 11.03598 22 18 38.91 +06 08 48.7          16.5 Rr~0CCHH53
03552         C2009 12 11.03737 22 18 39.11 +06 08 50.4          16.6 Rr~0CCHH53
03552         C2009 12 11.03876 22 18 39.30 +06 08 52.5          16.6 Rr~0CCHH53
03552         C2009 12 11.68555 22 20 02.33 +06 24 00.8          16.9  o~0Gb2C20
03552         C2009 12 11.68702 22 20 02.51 +06 24 02.8          16.9  o~0Gb2C20
03552         C2009 12 13.07948 22 23 00.59 +06 56 14.1          16.9  c~0CMZ704
03552         C2009 12 13.09245 22 23 02.22 +06 56 31.8          17.6  c~0CMZ704
03552         C2009 12 13.10545 22 23 03.85 +06 56 49.6          17.6  c~0CMZ704
03552         C2009 12 13.11847 22 23 05.50 +06 57 07.4          17.4  c~0CMZ704
03552         C2009 12 13.13147 22 23 07.14 +06 57 25.2          17.0  c~0CMZ704
03552        1C2009 12 15.68622 22 28 31.42 +07 54 57.3          17.1  o~0GGQ084
03552        1C2009 12 15.68778 22 28 31.61 +07 54 59.7          17.7  o~0GGQ084
03552         C2009 12 17.72648 22 32 47.99 +08 39 42.0          16.8  o~0Gb2C20
03552         C2009 12 17.72795 22 32 48.18 +08 39 43.9          16.8  o~0Gb2C20
03552        1C2009 12 17.76166 22 32 52.45 +08 40 26.6          17.2  o~0GGQ084
03552        1C2009 12 17.76395 22 32 52.77 +08 40 29.8          17.2  o~0GGQ084
03552        1C2009 12 18.63721 22 34 42.21 +08 59 18.9          18.0  o~0GGQ084
03552        1C2009 12 19.66920 22 36 50.94 +09 21 17.9          17.0  o~0GGQ084
03552         C2009 12 20.76694 22 39 07.40 +09 44 25.9          16.8 Rc~0ChcB20
03552         C2009 12 20.77153 22 39 07.99 +09 44 31.9          16.9 Rc~0ChcB20
03552         C2009 12 20.77667 22 39 08.62 +09 44 38.6          16.5 Rc~0ChcB20
03552        KC2010 01 01.05096 23 02 06.30 +13 27 06.7          16.1 Rr~0Cu6448
03552        KC2010 01 01.05311 23 02 06.57 +13 27 08.8          16.9 Rr~0Cu6448
03552        KC2010 01 01.05488 23 02 06.78 +13 27 10.7          16.9 Rr~0Cu6448
03552        KC2010 01 01.05632 23 02 06.95 +13 27 12.3          16.6 Rr~0Cu6448
03552        KC2010 01 01.05857 23 02 07.23 +13 27 15.1          16.7 Rr~0Cu6448
03552        KC2010 01 02.75689 23 05 31.42 +13 58 38.7                u~0Cu6160
03552        KC2010 01 02.75766 23 05 31.47 +13 58 39.8          17.5 Cu~0Cu6160
03552        KC2010 01 02.75843 23 05 31.58 +13 58 41.0          17.4 Cu~0Cu6160
03552        KC2010 01 02.75920 23 05 31.63 +13 58 41.5          17.2 Cu~0Cu6160
03552         C2010 01 03.03029 23 06 04.17 +14 03 40.6          17.2 Rc~0DkPH53
03552         C2010 01 03.03178 23 06 04.42 +14 03 43.0          17.2 Rc~0DkPH53
03552         C2010 01 03.03317 23 06 04.54 +14 03 43.8          17.0 Rc~0DkPH53
03552         C2010 01 03.03466 23 06 04.62 +14 03 45.4          17.2 Rc~0DkPH53
03552         C2010 01 03.03605 23 06 04.83 +14 03 47.6          17.3 Rc~0DkPH53
03552         C2010 01 03.03745 23 06 04.95 +14 03 48.1          17.2 Rc~0DkPH53
03552         C2010 01 07.69069 23 15 20.51 +15 27 12.7          17.1  u~0JgoC20
03552         C2010 01 07.69217 23 15 20.70 +15 27 14.3          17.2  u~0JgoC20
03552         C2010 01 08.69958 23 17 20.33 +15 44 51.7          17.5  u~0JgoC20
03552         C2010 01 08.70105 23 17 20.52 +15 44 53.2          17.5  u~0JgoC20
03552         C2010 01 13.06576 23 25 56.69 +16 59 35.6          17.0 Rr~0D7kH53
03552        KC2010 01 13.06956 23 25 57.13 +16 59 40.0          17.8 Cu~0D7k448
03552         C2010 01 13.06995 23 25 57.19 +16 59 40.3          17.1 Rr~0D7kH53
03552         C2010 01 13.07204 23 25 57.45 +16 59 42.1          17.1 Rr~0D7kH53
03552        KC2010 01 13.07335 23 25 57.59 +16 59 43.8          17.6 Cu~0D7k448
03552         C2010 01 13.07412 23 25 57.63 +16 59 44.2          17.1 Rr~0D7kH53
03552         C2010 01 13.07620 23 25 57.95 +16 59 46.0          17.0 Rr~0D7kH53
03552        KC2010 01 13.07667 23 25 57.97 +16 59 47.1          17.7 Cu~0D7k448
03552         C2010 01 14.08182 23 27 56.37 +17 16 37.0          16.8 Rr~0D7kH53
03552         C2010 01 14.08390 23 27 56.63 +17 16 39.3          16.9 Rr~0D7kH53
03552         C2010 01 14.08598 23 27 56.81 +17 16 40.4          16.7 Rr~0D7kH53
03552         C2010 01 14.08807 23 27 57.03 +17 16 43.5          16.8 Rr~0D7kH53
03552         C2010 01 14.09015 23 27 57.34 +17 16 44.9          16.7 Rr~0D7kH53
03552         C2010 01 14.09225 23 27 57.48 +17 16 47.5          17.0 Rr~0D7kH53
03552         C2010 01 18.04178 23 35 41.24 +18 21 44.1          17.3 Rr~0DLeH53
03552         C2010 01 18.04388 23 35 41.51 +18 21 46.0          17.3 Rr~0DLeH53
03552         C2010 01 18.04595 23 35 41.81 +18 21 48.3          17.4 Rr~0DLeH53
03552         C2010 01 18.04950 23 35 42.20 +18 21 51.9          17.6 Rr~0DLeH53
03552         C2010 01 18.05238 23 35 42.45 +18 21 54.0          17.6 Rr~0DLeH53
03552         C2010 01 18.05448 23 35 42.78 +18 21 56.4          17.1 Rr~0DLeH53
03552        1C2010 01 18.66367 23 36 54.19 +18 31 45.5          16.4  u~0Jgo084
03552        1C2010 01 18.66593 23 36 54.41 +18 31 48.2          16.8  u~0Jgo084
03552         C2010 01 18.71553 23 37 00.12 +18 32 36.6          17.5  u~0JgoC20
03552         C2010 01 18.71699 23 37 00.29 +18 32 37.9          17.5  u~0JgoC20
03552        KC2010 01 18.71715 23 37 00.37 +18 32 41.2          17.7 Cw~0DLe160
03552        KC2010 01 18.71834 23 37 00.49 +18 32 40.3          17.2 Cw~0DLe160
03552        KC2010 01 18.71919 23 37 00.67 +18 32 41.2          17.5 Cw~0DLe160
03552        KC2010 01 19.70729 23 38 56.23 +18 48 33.0          17.8 Cu~0DLe160
03552        KC2010 01 19.70884 23 38 56.37 +18 48 34.3          18.1 Cu~0DLe160
03552        KC2010 01 19.71037 23 38 56.53 +18 48 36.0          17.9 Cu~0DLe160
03552        KC2010 01 21.71192 23 42 50.17 +19 20 25.0          17.9 Cu~0DYV160
03552        KC2010 01 21.71402 23 42 50.39 +19 20 27.3          17.5 Cu~0DYV160
03552        KC2010 01 21.71611 23 42 50.65 +19 20 29.3          17.6 Cu~0DYV160
03552        KC2010 01 23.73997 23 46 46.39 +19 52 12.6          18.1 Cu~0DYV160
03552        KC2010 01 23.74150 23 46 46.49 +19 52 14.2          18.1 Cu~0DYV160
03552        KC2010 01 23.74301 23 46 46.66 +19 52 15.7          18.0 Cu~0DYV160
03552         C2010 01 27.05679 23 53 11.38 +20 43 16.5          17.3 Rr~0DYVH53
03552         C2010 01 27.05962 23 53 11.93 +20 43 19.9          17.0 Rr~0DYVH53
03552         C2010 01 27.06206 23 53 11.87 +20 43 22.5          17.1 Rr~0DYVH53
03552         C2010 01 27.06448 23 53 12.39 +20 43 23.4          17.2 Rr~0DYVH53
03552         C2010 01 27.06692 23 53 12.61 +20 43 26.7          17.2 Rr~0DYVH53
03552         C2010 01 27.06935 23 53 12.80 +20 43 29.0          17.0 Rr~0DYVH53
03552         C2010 02 06.68656 00 13 37.93 +23 19 41.4          17.6  u~0JgoC20
03552         C2010 02 06.68803 00 13 38.08 +23 19 42.8          17.5  u~0JgoC20
03552        KC2010 02 07.77149 00 15 42.57 +23 35 06.2          17.4 Cu~0E4X160
03552        KC2010 02 07.77191 00 15 42.59 +23 35 06.4          17.7 Cu~0E4X160
03552         C2010 02 14.08996 00 27 47.16 +25 02 52.3          18.0 Vr~0E4X703
03552         C2010 02 14.09266 00 27 47.52 +25 02 54.9          17.9 Vr~0E4X703
03552         C2010 02 14.09538 00 27 47.80 +25 02 57.6          17.9 Vr~0E4X703
03552         C2010 02 14.09812 00 27 48.20 +25 02 59.8          17.7 Vr~0E4X703
03552         C2010 02 16.71436 00 32 47.61 +25 38 24.2          18.2  u~0JgoC20
03552         C2010 02 20.65489 00 40 18.04 +26 30 48.0          18.8  u~0JgoC20
03552         C2010 02 20.65636 00 40 18.21 +26 30 49.4          18.5  u~0JgoC20
03552         C2010 02 24.71559 00 48 01.47 +27 23 36.7          18.0  u~0JgoC20
03552         C2010 02 24.71706 00 48 01.63 +27 23 37.9          18.0  u~0JgoC20
03552         C2010 02 25.72045 00 49 56.02 +27 36 29.6          18.0  u~0JgoC20
03552         C2010 02 25.72191 00 49 56.19 +27 36 31.1          17.8  u~0JgoC20
03552         C2010 02 26.68864 00 51 46.39 +27 48 51.0          18.1  u~0JgoC20
03552         C2010 02 26.69018 00 51 46.54 +27 48 51.9          18.1  u~0JgoC20
03552         C2010 02 26.71122 00 51 48.98 +27 49 08.2          18.5  u~0JgoC20
03552         C2010 03 01.72114 00 57 31.80 +28 27 05.9          18.0  u~0JgoC20
03552         C2010 03 01.72261 00 57 31.97 +28 27 06.5          18.4  u~0JgpC20
03552         C2010 03 03.66533 01 01 13.10 +28 51 17.6          18.3  u~0JgpC20
03552         C2010 03 03.66679 01 01 13.27 +28 51 18.8          18.1  u~0JgpC20
03552         C2010 03 04.68251 01 03 08.85 +29 03 50.4          18.6  u~0JgpC20
03552         C2010 03 04.68397 01 03 09.01 +29 03 51.9          19.1  u~0JgpC20
03552         C2010 03 07.70455 01 08 52.60 +29 40 43.8          18.6  u~0JgpC20
03552         C2010 03 07.70602 01 08 52.78 +29 40 45.0          18.5  u~0JgpC20
03552         C2010 03 23.70198 01 39 10.70 +32 46 11.6          18.1  u~0JgpC20
03552         C2010 03 23.70345 01 39 10.86 +32 46 12.9          18.3  u~0JgpC20
03552         C2010 09 15.45512 06 26 26.95 +53 47 57.6          19.0 Vr~0MzD703
03552         C2010 09 15.46101 06 26 27.09 +53 48 01.2          19.2 Vr~0MzD703
03552         C2010 09 15.46686 06 26 27.38 +53 48 03.6          18.7 Vr~0MzD703
03552         C2010 09 15.47273 06 26 27.70 +53 48 05.3          19.4 Vr~0MzD703
03552         S2010 09 27.57202 06 34 46.66 +55 10 42.2                L~0NLZC51
03552         s2010 09 27.57202 1 -  954.2860 + 3849.7193 + 5646.1815   ~0NLZC51
03552         S2010 09 27.70432 06 34 50.91 +55 11 36.8                L~0NLZC51
03552         s2010 09 27.70432 1 -  962.6663 + 3867.1138 + 5632.5647   ~0NLZC51
03552         S2010 09 28.29950 06 35 09.93 +55 15 51.3                L~0NLZC51
03552         s2010 09 28.29950 1 - 1002.6336 + 3842.9966 + 5642.1350   ~0NLZC51
03552         S2010 09 28.43180 06 35 13.96 +55 16 46.1                L~0NLZC51
03552         s2010 09 28.43180 1 - 1010.6438 + 3860.7881 + 5628.4136   ~0NLZC51
03552         C2010 10 29.38572 06 37 12.13 +59 06 21.5          19.0  c~0OT4704
03552         C2010 10 29.39811 06 37 11.74 +59 06 27.2          19.1  c~0OT4704
03552         C2010 10 29.41051 06 37 11.44 +59 06 31.6          19.1  c~0OT4704
03552         C2012 01 02.57282 07 57 53.889+54 16 41.25         21.0 gL~0c1AF51
03552         C2012 01 02.58494 07 57 53.183+54 16 42.51         21.3 gL~0c1AF51
03552         C2012 01 06.39178 07 54 07.485+54 23 47.63         20.3 iL~0cIlF51
03552         C2012 01 06.40565 07 54 06.642+54 23 48.87         20.3 iL~0cIlF51
03552        KC2012 02 23.03037 07 12 50.40 +53 11 55.4          19.7 Rd~0dqeB66
03552         C2015 01 29.56506 10 13 49.174+30 41 15.06         20.9 wL~1I77F51
03552         C2015 01 29.57600 10 13 48.801+30 41 16.78         21.0 wL~1I77F51
03552         C2015 01 29.58697 10 13 48.418+30 41 18.65         20.9 wL~1I77F51
03552         C2015 01 29.59794 10 13 48.052+30 41 20.53         20.9 wL~1I77F51
03552         C2015 03 16.24850 09 46 27.304+31 48 05.24         21.0 wL~1NE9F51
03552         C2015 03 16.26152 09 46 26.881+31 48 04.92         21.1 wL~1NE9F51
03552         C2015 03 16.27449 09 46 26.478+31 48 04.67         21.0 wL~1NE9F51
03552         C2015 03 16.28745 09 46 26.057+31 48 04.69         20.9 wL~1NE9F51