03552J83S00A 6A1983 09 10.33750 23 47 23.91 -05 13 11.6                 M8201688
03552J83S00A 6A1983 09 10.37500 23 47 15.45 -05 10 12.5                 M8201688
03552J83S00A !A1983 09 12.36319 23 40 06.89 -02 34 51.8                 M8250675
03552J83S00A !A1983 09 12.37361 23 40 04.71 -02 34 06.6                 M8250675
03552J83S00A* A1983 09 26.80035 23 01 20.21 +11 19 41.6          14     M8188026
03552J83S00A  A1983 09 28.78958 22 57 44.56 +12 37 06.5                 M8188026
03552J83S00A  A1983 10 01.89427 22 52 53.34 +14 23 27.2                 M8188026
03552J83S00A  A1983 10 01.91736 22 52 51.23 +14 24 13.1                 M8222026
03552J83S00A  A1983 10 02.89485 22 51 31.13 +14 54 18.1                 M8222026
03552J83S00A  A1983 10 02.97153 22 51 24.66 +14 56 35.1                 M8188026
03552J83S00A  A1983 10 03.91458 22 50 12.69 +15 24 09.2                 M8188026
03552J83S00A 6A1983 10 04.22778 22 49 49.97 +15 33 03.2          14.5   M8201688
03552J83S00A 6A1983 10 04.26528 22 49 46.96 +15 34 05.5                 M8201688
03552J83S00A  A1983 10 04.88270 22 49 03.47 +15 51 06.1                 M8222026
03552J83S00A  A1983 10 05.81910 22 48 01.31 +16 15 55.4                 M8222026
03552J83S00A 3A1983 10 06.24513 22 47 33.90 +16 26 54.9                 M8249675
03552J83S00A !A1983 10 06.27569 22 47 31.85 +16 27 39.8                 M8250675
03552J83S00A  A1983 10 07.06892 22 46 44.50 +16 47 20.0                AM8262801
03552J83S00A !A1983 10 09.19444 22 44 51.72 +17 36 19.7                 M8250675
03552J83S00A !A1983 10 09.21458 22 44 50.56 +17 36 48.0                 M8250675
03552J83S00A !A1983 10 09.22638 22 44 49.92 +17 37 02.6                 M8250675
03552J83S00A  A1983 10 10.09064 22 44 09.96 +17 55 29.3                AM8262801
03552J83S00A  A1983 10 10.87222 22 43 37.07 +18 11 30.3                 M8222026
03552J83S00A 6A1983 10 11.14514 22 43 26.48 +18 16 59.6                 M8261688
03552J83S00A 6A1983 10 12.13819 22 42 49.37 +18 36 12.8                 M8261688
03552J83S00A  A1983 10 12.83750 22 42 25.56 +18 49 12.8                 M8222026
03552J83S00A  A1983 10 13.88403 22 41 53.79 +19 07 52.3          15.5   M9324026
03552J83S00A  A1983 10 13.93542 22 41 52.18 +19 08 46.4                 M8222026
03552J83S00A 1A1983 10 27.24793 22 40 47.66 +22 02 56.3                 M8356675
03552J83S00A  A1983 10 27.76595 22 40 56.34 +22 07 55.4          16.0   M8333046
03552J83S00A  A1983 10 27.78053 22 40 56.52 +22 08 05.2                 M8333046
03552J83S00A  A1983 10 27.80868 22 40 57.01 +22 08 20.1          15.5   M8326026
03552J83S00A 1A1983 10 29.16182 22 41 21.72 +22 21 02.9                 M8356675
03552J83S00A  A1983 11 01.02248 22 42 28.82 +22 45 51.7                AM8374801
03552J83S00A  A1983 11 01.79167 22 42 50.29 +22 52 08.2                 M8326026
03552J83S00A  A1983 11 02.76887 22 43 19.10 +22 59 54.7                 M8333046
03552J83S00A  A1983 11 02.78322 22 43 19.47 +23 00 01.6                 M8333046
03552J83S00A  A1983 11 02.80556 22 43 20.33 +23 00 12.7                 M8326026
03552J83S00A  A1983 11 04.20382 22 44 05.10 +23 10 57.5                 M8456707
03552J83S00A  A1983 11 06.81042 22 45 40.28 +23 29 50.8                 M8326026
03552J83S00A 1A1983 11 07.18125 22 45 54.65 +23 32 28.6                 M8510675
03552J83S00A 1A1983 11 07.19930 22 45 55.39 +23 32 35.8                 M8510675
03552J83S00A  A1983 11 08.83333 22 47 02.83 +23 43 42.0                 M8326026
03552J83S00A  A1983 11 09.07273 22 47 12.90 +23 45 18.4                AM8374801
03552J83S00A  A1983 11 09.87500 22 47 48.11 +23 50 34.4          16     M8326026
03552J83S00A  A1983 11 30.04561 23 07 36.13 +25 46 02.0                AM8457801
03552J83S00A 1A1983 11 30.12986 23 07 42.14 +25 46 31.4                 M8449675
03552J83S00A 1A1983 11 30.15069 23 07 43.44 +25 46 37.5                 M8449675
03552J83S00A  A1983 12 01.75365 23 09 38.65 +25 55 07.2                 M8601026
03552J83S00A  A1983 12 01.85694 23 09 45.82 +25 55 40.9                 M8601026
03552J83S00A 1A1983 12 15.09794 23 26 55.18 +27 07 07.9                 M8449675
03552J83S00A  A1984 01 03.95886 23 55 56.09 +29 02 55.6                AM8522801
03552J83S00A 1A1984 01 24.18128 00 28 05.10 +31 13 50.4                 M8510675
03552J83S00A  A1984 02 02.01875 00 42 41.22 +32 14 18.8                AM8646801
03552J83S00A 1A1984 02 22.14101 01 16 50.48 +34 36 35.5                 M8622675
03552J83S00A  A1984 03 03.02223 01 33 58.12 +35 47 11.2                AM8646801
03552J83S00A 1A1984 10 05.44797 06 56 43.39 +55 05 49.0                 M9449675
03552J83S00A 1A1984 12 02.43196 06 28 14.08 +60 55 50.1                 M9403675
03552J83S00A 4A1987 02 02.30640 08 49 07.62 +46 10 54.7                 11601688
03552J83S00A 4A1987 02 02.31551 08 49 07.21 +46 10 55.1                 11601688
03552J83S00A 4A1987 02 02.32329 08 49 06.87 +46 10 55.6                 11601688
03552         A1991 04 10.24809 11 12 28.03 -00 01 57.6          18.2 R 18562688
03552         A1991 04 10.25220 11 12 27.80 -00 01 57.1                 18562688
03552        3A1992 08 02.42830 03 19 03.05 +36 56 12.5          18     20739675
03552        3A1992 08 02.46406 03 19 05.81 +36 56 59.0                 20739675
03552          1992 10 16.28538 03 14 59.52 +58 25 07.0                 22358711
03552          1992 10 19.31664 03 09 00.74 +58 46 03.9                 22358711
03552         C1993 01 25.95994 02 01 38.42 +48 09 22.6                z21741801
03552         C1993 01 25.97779 02 01 39.38 +48 09 17.3                z21741801
03552         C1998 01 07.07897 10 38 20.59 +26 01 27.3          20.2  aa0374561
03552         C1998 01 07.11469 10 38 19.78 +26 01 33.0                aa0374561
03552         C1999 01 24.42211 11 16 35.52 +14 12 46.8                za3742711
03552         C1999 01 24.43530 11 16 35.17 +14 12 48.7                za3742711
03552         C2000 02 10.66880 12 38 43.87 -12 16 58.6          18.9 Rzb1568428
03552         C2000 03 06.49383 12 21 50.12 -13 41 39.9          17.7  cb3248608
03552         C2000 03 06.50416 12 21 49.49 -13 41 41.3          18.0  cb3248608
03552         C2000 03 06.51488 12 21 48.86 -13 41 42.4          17.4  cb3248608
03552         C2000 03 09.42686 12 18 57.00 -13 47 08.4          17.0  cb1568704
03552         C2000 03 09.43968 12 18 56.19 -13 47 09.5          17.9  cb1568704
03552         C2000 03 09.45252 12 18 55.42 -13 47 11.0          18.5  cb1568704
03552         c2000 03 12.27991 12 15 59.87 -13 51 25.1          17.3 Rcb3248699
03552         c2000 03 12.30046 12 15 58.54 -13 51 26.4                cb3248699
03552         c2000 03 12.32094 12 15 57.21 -13 51 27.7                cb3248699
03552         c2000 03 12.34146 12 15 55.88 -13 51 30.0                cb3248699
03552         C2000 03 13.37581 12 14 49.45 -13 52 45.6          17.9  cb1568704
03552         C2000 03 13.38855 12 14 48.51 -13 52 48.2          17.7  cb1568704
03552         C2000 03 13.40128 12 14 47.76 -13 52 48.9          18.4  cb1568704
03552         C2000 03 13.41414 12 14 46.77 -13 52 49.9          18.1  cb1568704
03552         C2000 03 13.42687 12 14 46.06 -13 52 51.5          18.1  cb1568704
03552         C2000 03 31.30802 11 53 42.54 -13 54 05.3          17.9  cb3248704
03552         C2000 03 31.37816 11 53 37.18 -13 54 01.7          18.3  cb3248704
03552         C2000 03 31.39488 11 53 35.91 -13 54 00.4          18.1  cb3248704
03552         C2000 04 07.26681 11 45 11.83 -13 45 05.4          17.7  cb3248704
03552         C2000 04 07.28083 11 45 10.83 -13 45 03.7          17.8  cb3248704
03552         C2000 04 07.29486 11 45 09.78 -13 45 02.2          17.9  cb3248704
03552         C2000 04 07.30887 11 45 08.75 -13 45 00.7          17.0  cb3248704
03552         C2000 04 07.32298 11 45 07.71 -13 44 59.2          17.7  cb3248704
03552         C2000 04 11.36600 11 40 19.29 -13 37 58.3          16.6  cb3248608
03552         C2000 04 11.37683 11 40 18.53 -13 37 57.1          16.6  cb3249608
03552         C2000 04 11.38844 11 40 17.68 -13 37 55.8          16.7  cb3249608
03552         C2000 04 13.15623 11 38 14.83 -13 34 35.2          17.8 Vib3249649
03552         C2000 04 13.16686 11 38 14.10 -13 34 34.8          17.6 Vib3249649
03552         C2000 04 13.17690 11 38 13.49 -13 34 33.7          17.9 Vib3249649
03552         C2000 04 30.28291 11 21 03.76 -12 58 49.3          17.4  cb4868608
03552         C2000 04 30.29383 11 21 03.19 -12 58 48.0          17.4  cb4868608
03552         C2000 04 30.30474 11 21 02.63 -12 58 47.0          17.6  cb4868608
03552         C2000 05 06.16181 11 16 38.28 -12 47 59.2          17.8  cb4868704
03552         C2000 05 06.17398 11 16 37.79 -12 47 57.6          18.4  cb4868704
03552         C2000 05 06.18616 11 16 37.23 -12 47 56.3          17.8  cb4868704
03552         C2000 05 06.19838 11 16 36.72 -12 47 55.0          17.7  cb4868704
03552         C2000 05 06.21056 11 16 36.22 -12 47 53.8          17.7  cb4868704
03552         c2000 05 07.15671 11 15 58.58 -12 46 21.5          17.4 Rcb4868699
03552         c2000 05 07.17723 11 15 57.78 -12 46 19.6                cb4868699
03552         c2000 05 07.19775 11 15 56.96 -12 46 17.5                cb4868699
03552         c2000 05 07.21830 11 15 56.07 -12 46 15.2                cb4868699
03552         C2000 05 11.14910 11 13 35.27 -12 40 35.6          17.5  cb4868704
03552         C2000 05 11.16058 11 13 34.88 -12 40 34.8          17.7  cb4868704
03552         C2000 05 11.18358 11 13 34.06 -12 40 32.9          17.6  cb4868704
03552         C2000 05 11.19510 11 13 33.56 -12 40 30.4          17.8  cb4868704
03552         C2001 09 07.40950 05 17 26.89 +52 57 11.1          18.6  dd5056704
03552         C2001 09 07.42322 05 17 27.49 +52 57 19.6          19.0  dd5056704
03552         C2001 09 07.43695 05 17 28.22 +52 57 29.0          18.2  dd5056704
03552         C2001 09 07.45098 05 17 28.87 +52 57 37.9          18.8  dd5056704
03552         C2001 09 27.41010 05 28 21.30 +56 29 28.8          18.7  id6946704
03552         C2001 09 27.42488 05 28 21.45 +56 29 38.0          18.7  id6946704
03552         C2001 09 27.43968 05 28 21.62 +56 29 47.7          18.8  id6946704
03552         C2001 09 27.45452 05 28 21.75 +56 29 57.2          18.5  id6946704
03552         C2001 09 27.46941 05 28 21.91 +56 30 06.8          18.7  id6946704
03552         C2001 10 05.40668 05 28 44.04 +57 52 49.4          17.7  cd8447704
03552         C2001 10 05.42231 05 28 43.90 +57 52 58.9          18.5  cd8447704
03552         C2001 10 05.43794 05 28 43.82 +57 53 08.6          18.2  cd8447704
03552         C2001 10 05.45360 05 28 43.66 +57 53 17.8          18.6  cd8447704
03552         C2001 10 05.46926 05 28 43.53 +57 53 28.2          18.8  cd8447704
03552         C2001 10 19.89648 05 22 18.22 +60 13 25.7          18.6 Vcd9668198
03552         C2001 10 19.92177 05 22 16.88 +60 13 39.1          18.5 Vcd9668198
03552         C2001 10 19.93097 05 22 16.39 +60 13 43.9          18.6 Vcd9668198
03552         C2001 11 10.05445 04 55 26.78 +62 38 11.5          18.2 Vde1369049
03552         C2001 11 10.05876 04 55 26.34 +62 38 12.5          18.1 Vde1369049
03552         C2001 11 10.06273 04 55 25.94 +62 38 13.6          18.3 Vde1369049
03552         C2001 11 10.99550 04 53 50.11 +62 41 59.9          18.4 Vce1369198
03552         C2001 11 10.99963 04 53 49.69 +62 42 00.9          18.5 Vce1369198
03552         C2001 11 11.00922 04 53 48.71 +62 42 03.0          18.4 Vce1369198
03552         C2001 11 13.91390 04 48 41.06 +62 51 57.6          18.5 Vce1369049
03552         C2001 11 13.91744 04 48 40.63 +62 51 58.3          18.5 Vce1369049
03552         C2001 11 13.92107 04 48 40.29 +62 51 58.8          18.5 Vce1369049
03552         C2001 11 19.20964 04 38 50.60 +63 02 54.8          18.2 Vde2304049
03552         C2001 11 19.21228 04 38 50.34 +63 02 55.4          18.4 Vde2304049
03552         C2001 11 19.21464 04 38 50.08 +63 02 55.3          18.2 Vde2304049
03552         C2001 11 27.30776 04 23 18.04 +63 01 13.8          18.7  ce5667704
03552         C2001 11 27.32320 04 23 16.17 +63 01 12.0          19.3  ce5667704
03552         C2001 11 27.33849 04 23 14.47 +63 01 10.1          19.4  ce5667704
03552         C2001 11 27.35393 04 23 12.87 +63 01 08.9          19.9  ce5667704
03552         C2001 11 27.36917 04 23 10.76 +63 01 06.5          19.5  ce5667704
03552         C2001 12 03.23343 04 12 10.61 +62 46 04.3          18.4  ce5667704
03552         C2001 12 03.24873 04 12 08.94 +62 46 00.9          18.9  ce5667704
03552         C2001 12 03.26411 04 12 07.30 +62 45 58.2          18.6  ce5667704
03552         C2001 12 03.27957 04 12 05.56 +62 45 54.9          18.6  ce5667704
03552         C2001 12 03.29482 04 12 03.78 +62 45 51.7          18.7  ce5667704
03552         C2002 01 09.84786603 28 42.004+58 11 35.03         19.0   i2920026
03552         C2002 01 09.87727703 28 41.300+58 11 19.47         19.5   i2920026
03552         C2002 01 09.90342603 28 40.674+58 11 05.25         19.0   i2920026
03552         C2002 01 10.82441703 28 20.492+58 02 49.20         19.3   i2920026
03552         C2002 01 10.84552203 28 20.032+58 02 37.56         18.9   i2920026
03552         C2002 01 13.86291203 27 27.460+57 35 39.07         19.2   i2920026
03552         C2002 01 13.87984003 27 27.225+57 35 30.38         19.1   i2920026
03552         C2002 01 22.19030 03 26 43.94 +56 23 11.1          18.7 Rce7752649
03552         C2002 01 22.19442 03 26 43.97 +56 23 09.1          18.5 Rce7752649
03552         C2002 01 22.19858 03 26 43.94 +56 23 07.1          18.8 Rce7752649
03552         C2002 01 22.20270 03 26 43.98 +56 23 04.8          18.6 Rce7752649
03552         C2002 12 18.31877 07 39 25.40 +56 21 42.9          20.1 Rch0339711
03552         C2002 12 18.33165 07 39 24.29 +56 21 46.9          19.8 Rch0339711
03552        SC2002 12 18.34450 07 39 23.88 +56 21 49.3          20.0 Rch0339711
03552         C2007 11 07.50278 11 25 11.28 +10 23 06.6          20.9 Vrw5316G96
03552         C2007 11 07.50838 11 25 11.42 +10 23 05.5          20.4 Vrw5316G96
03552         C2007 11 07.51409 11 25 11.60 +10 23 04.5          20.6 Vrw5316G96
03552         C2007 11 07.51971 11 25 11.74 +10 23 02.9          20.5 Vrw5316G96
03552         C2008 02 01.34171 11 31 04.06 +08 48 26.4          20.6 Vox5610691
03552         C2008 02 01.35928 11 31 03.58 +08 48 28.1          20.5 Vox5610691
03552         C2008 02 01.37687 11 31 03.04 +08 48 29.8          20.5 Vox5610691
03552         C2008 02 09.38891 11 26 47.41 +09 04 07.4          19.9 Vox7843691
03552         C2008 02 09.40653 11 26 46.76 +09 04 09.7          19.9 Vox7843691
03552         C2008 02 09.42414 11 26 46.13 +09 04 12.1          19.8 Vox7843691
03552         C2008 02 12.35072 11 25 01.01 +09 10 37.1          19.5  cx7843704
03552         C2008 02 12.36292 11 25 00.55 +09 10 38.4          19.7  cx7843704
03552         C2008 02 12.37511 11 25 00.11 +09 10 40.4          19.6  cx7843704
03552         C2008 02 12.38746 11 24 59.64 +09 10 42.0          19.7  cx7843704
03552         C2008 02 12.39980 11 24 59.18 +09 10 43.6          19.5  cx7843704
03552         C2008 02 13.37248 11 24 22.89 +09 12 55.0          19.6 Vox7843691
03552         C2008 02 13.39013 11 24 22.21 +09 12 57.4          19.7 Vox7843691
03552         C2008 02 13.40542 11 24 21.63 +09 12 59.5          19.8 Vox7843691
03552         C2008 02 27.30775 11 14 45.02 +09 46 39.6          19.5 Vrx9727703
03552         C2008 02 27.31476 11 14 44.73 +09 46 40.1          19.5 Vrx9727703
03552         C2008 02 27.32178 11 14 44.30 +09 46 42.4          19.6 Vrx9727703
03552         C2008 02 27.32881 11 14 44.01 +09 46 43.2          19.6 Vrx9727703
03552         C2008 03 02.52381 11 11 34.10 +09 57 06.7          18.9 Rry0998D29
03552         C2008 03 02.54280 11 11 33.10 +09 57 10.1          17.1 Rry0998D29
03552         C2008 03 02.55511 11 11 32.68 +09 57 11.7          18.2 Rry0998D29
03552         C2008 03 02.56884 11 11 32.02 +09 57 14.3          18.6 Rry0998D29
03552         C2008 03 03.28074 11 10 59.12 +09 58 59.8          19.1 Vry0998703
03552         C2008 03 03.29123 11 10 58.65 +09 59 01.7          19.3 Vry0998703
03552         C2008 03 03.30174 11 10 58.11 +09 59 03.3          19.2 Vry0998703
03552         C2008 03 03.31227 11 10 57.64 +09 59 05.6          19.8 Vry0998703
03552         C2008 03 06.25821 11 08 41.17 +10 06 14.8          19.3 Vry0998G96
03552         C2008 03 06.26470 11 08 40.88 +10 06 15.5          19.3 Vry0998G96
03552         C2008 03 06.27120 11 08 40.56 +10 06 16.7          19.3 Vry0998G96
03552         C2008 03 06.27764 11 08 40.27 +10 06 17.5          19.3 Vry0998G96
03552         C2008 03 11.15512 11 04 52.04 +10 17 42.7          19.4 Voy2431691
03552         C2008 03 11.17281 11 04 51.21 +10 17 45.1          19.4 Voy2431691
03552         C2008 03 11.19053 11 04 50.38 +10 17 47.7          19.4 Voy2431691
03552         C2008 03 12.26924 11 03 59.76 +10 20 13.6          18.7  cy2431704
03552         C2008 03 12.28034 11 03 59.22 +10 20 15.1          19.3  cy2431704
03552         C2008 03 12.29140 11 03 58.68 +10 20 16.1          19.5  cy2431704
03552         C2008 03 12.31347 11 03 57.68 +10 20 19.8          19.5  cy2431704
03552         C2008 03 14.37726 11 02 21.04 +10 24 49.5          18.9 Vry2431G96
03552         C2008 03 14.37752 11 02 21.01 +10 24 50.2          19.4 Vry2431703
03552         C2008 03 14.38470 11 02 20.68 +10 24 50.9          19.7 Vry2431703
03552         C2008 03 14.38519 11 02 20.65 +10 24 50.5          19.3 Vry2431G96
03552         C2008 03 14.39186 11 02 20.25 +10 24 51.9          19.4 Vry2431703
03552         C2008 03 14.39901 11 02 19.96 +10 24 52.9          19.2 Vry2431703
03552         C2008 03 14.39999 11 02 19.96 +10 24 52.2          19.4 Vry2431G96
03552         C2008 03 14.40721 11 02 19.64 +10 24 53.3          19.5 Vry2431G96
03552        HC2008 03 15.14918 11 01 45.21 +10 26 27.3          19.9 Voy4219691
03552        HC2008 03 15.16690 11 01 44.40 +10 26 29.8                oy4219691
03552        HC2008 03 15.18464 11 01 43.55 +10 26 32.7          19.8 Voy4219691
03552         C2008 03 24.22415 10 54 51.15 +10 43 37.0          18.9 Vry4219703
03552         C2008 03 24.23081 10 54 50.83 +10 43 37.7          19.6 Vry4219703
03552         C2008 03 24.23743 10 54 50.54 +10 43 39.7          19.0 Vry4219703
03552         C2008 03 24.24407 10 54 50.25 +10 43 40.0          19.9 Vry4219703
03552         C2008 03 25.12501 10 54 11.43 +10 45 03.6          19.7 Voy4219691
03552         C2008 03 25.13846 10 54 10.80 +10 45 04.7          19.6 Voy4219691
03552         C2008 03 25.15192 10 54 10.24 +10 45 06.0          19.6 Voy4219691
03552         C2008 03 27.13068 10 52 44.11 +10 48 07.0          19.7 Voy4219691
03552         C2008 03 27.14696 10 52 43.38 +10 48 08.5          19.6 Voy4220691
03552         C2008 03 27.16062 10 52 42.79 +10 48 09.7          19.7 Voy4220691
03552         C2008 03 29.29801 10 51 11.67 +10 51 08.0          19.3  cy4931704
03552         C2008 03 29.31001 10 51 11.15 +10 51 09.1          19.8  cy4931704
03552         C2008 03 29.32214 10 51 10.66 +10 51 11.2          19.5  cy4931704
03552         C2008 03 29.33414 10 51 10.15 +10 51 11.0          19.3  cy4931704
03552         C2008 03 29.34616 10 51 09.58 +10 51 12.4          19.5  cy4931704
03552         C2008 04 03.12932 10 47 54.66 +10 56 41.3          19.6  cy4931704
03552         C2008 04 03.12989 10 47 54.67 +10 56 42.7          20.1  cy4931704
03552         C2008 04 03.14098 10 47 54.21 +10 56 42.0          19.9  cy4931704
03552         C2008 04 03.14154 10 47 54.16 +10 56 43.4          19.7  cy4931704
03552         C2008 04 03.15258 10 47 53.72 +10 56 43.1          19.6  cy4931704
03552         C2008 04 03.15314 10 47 53.70 +10 56 43.7          19.4  cy4931704
03552         C2008 04 03.16402 10 47 53.27 +10 56 43.5          19.4  cy4931704
03552         C2008 04 03.16459 10 47 53.25 +10 56 43.9          19.5  cy4931704
03552         C2008 04 03.17550 10 47 52.87 +10 56 44.4          19.6  cy4931704
03552         C2008 04 03.17607 10 47 52.74 +10 56 45.8          19.5  cy4931704
03552         C2008 04 04.18672 10 47 13.26 +10 57 41.4          19.4 Voy4931691
03552         C2008 04 04.20328 10 47 12.60 +10 57 42.0          19.6 Voy4931691
03552         C2008 04 04.21732 10 47 12.05 +10 57 42.9          19.7 Voy4931691
03552         C2008 04 06.13322 10 45 59.05 +10 59 17.8          19.7 Voy5934691
03552         C2008 04 06.14990 10 45 58.40 +10 59 19.5          19.5 Voy5934691
03552         C2008 04 06.16090 10 45 58.02 +10 59 19.8          19.5 Voy5934691
03552         C2008 12 31.72089 13 27 07.95 -20 24 57.7          18.8 Vr~02l1E12
03552         C2008 12 31.72877 13 27 08.28 -20 25 02.9          19.2 Vr~02l1E12
03552         C2008 12 31.73669 13 27 08.71 -20 25 10.0          19.2 Vr~02l1E12
03552         C2008 12 31.74464 13 27 09.21 -20 25 15.5          19.3 Vr~02l1E12
03552         C2009 01 14.69104 13 38 40.95 -23 28 50.7          18.1 Vr~03QBE12
03552         C2009 01 14.70230 13 38 41.46 -23 28 59.9          18.1 Vr~03QBE12
03552         C2009 01 14.71365 13 38 42.00 -23 29 08.9          18.8 Vr~03QBE12
03552         C2009 01 14.72494 13 38 42.50 -23 29 18.5          18.2 Vr~03QBE12
03552         C2009 01 20.31295 13 42 50.27 -24 46 43.7          17.7 Cc~03QB844
03552         C2009 01 20.31541 13 42 50.33 -24 46 45.7          17.9 Cc~03QB844
03552         C2009 01 20.32106 13 42 50.50 -24 46 49.9          17.7 Cc~03QB844
03552         C2009 01 20.32594 13 42 50.71 -24 46 54.9          17.5 Cc~03QB844
03552         C2009 02 07.62417 13 53 29.00 -29 18 47.8          17.7 Vr~04GBE12
03552         C2009 02 07.63596 13 53 29.25 -29 18 59.6          18.3 Vr~04GBE12
03552         C2009 02 07.64812 13 53 29.54 -29 19 11.3          18.1 Vr~04GBE12
03552         C2009 03 06.75662 13 56 00.56 -37 02 50.1          16.8 Vr~07fsE12
03552         C2009 03 06.76642 13 56 00.34 -37 03 00.9          16.8 Vr~07fsE12
03552         C2009 03 06.77619 13 56 00.13 -37 03 11.5          16.8 Vr~07fsE12
03552         C2009 03 22.16213 13 45 38.65 -41 50 51.0                r~05asI21
03552         C2009 03 22.26081 13 45 32.16 -41 52 42.0                r~05asI21
03552         C2009 03 22.66752 13 45 06.15 -42 00 18.4          16.7 Vr~05asE12
03552         C2009 03 22.69229 13 45 04.46 -42 00 45.9          16.5 Vr~05asE12
03552         C2009 03 22.70468 13 45 03.63 -42 00 59.9          16.4 Vr~05asE12
03552         C2009 03 25.15619 13 42 15.67 -42 46 33.9                r~05asI21
03552         C2009 03 25.17850 13 42 13.98 -42 46 59.5                r~05asI21
03552         C2009 04 12.08273 13 11 25.91 -47 48 27.8                r~06CaI21
03552         C2009 04 12.12379 13 11 20.40 -47 49 03.0                r~06CaI21
03552         C2009 04 12.19796 13 11 10.26 -47 50 06.9                r~06CaI21
03552         C2009 04 12.20089 13 11 09.80 -47 50 09.3                r~06CaI21
03552         C2009 04 12.96585 13 09 27.83 -48 00 52.8          16.0 Cc~06CaI32
03552         C2009 04 12.96715 13 09 27.65 -48 00 54.0          16.0 Cc~06CaI32
03552         C2009 04 16.44217613 01 20.04 -48 46 45.1                r~06PN432
03552         C2009 04 16.44618113 01 19.47 -48 46 48.4                r~06PN432
03552         C2009 04 16.45002313 01 18.90 -48 46 51.3                r~06PN432
03552         C2009 04 18.35364612 56 38.92 -49 09 34.5                r~06PN432
03552         C2009 04 18.39042812 56 33.37 -49 10 00.8                r~06PN432
03552         C2009 04 18.42105312 56 28.71 -49 10 22.4                r~06PN432
03552         C2009 04 25.34350712 38 31.25 -50 17 14.9                r~06iU432
03552         C2009 04 25.35866912 38 28.88 -50 17 22.2                r~06iU432
03552         C2009 04 25.36812512 38 27.25 -50 17 26.9                r~06iU432
03552         C2009 04 26.34028912 35 51.21 -50 24 44.6                r~06iU432
03552         C2009 04 26.35163212 35 49.39 -50 24 50.1                r~06iU432
03552         C2009 04 26.36451412 35 47.27 -50 24 56.1                r~06iU432
03552         C2009 04 28.08320 12 31 09.58 -50 36 33.6                r~06iUI21
03552         C2009 04 28.08786 12 31 08.83 -50 36 35.6                r~06iUI21
03552         C2009 05 02.08659 12 20 24.03 -50 57 17.4                r~06t4I21
03552         C2009 05 02.10546 12 20 20.95 -50 57 22.4                r~06t4I21
03552         C2009 05 02.11510 12 20 19.35 -50 57 24.2                r~06t4I21
03552         C2009 05 02.53781 12 19 11.56 -50 59 04.8          15.4 Vr~06t4E12
03552         C2009 05 02.54632 12 19 10.16 -50 59 06.3          15.3 Vr~06t4E12
03552         C2009 05 02.55505 12 19 08.76 -50 59 08.4          15.4 Vr~06t4E12
03552         C2009 05 02.56358 12 19 07.35 -50 59 10.3          15.4 Vr~06t4E12
03552         C2009 05 14.33974511 49 43.56 -51 10 45.5                r~072w432
03552         C2009 05 14.35407411 49 41.57 -51 10 44.7                r~072w432
03552         C2009 05 14.36878511 49 39.52 -51 10 43.4                r~072w432
03552         C2009 05 15.41061311 47 20.22 -51 08 56.6                r~072w432
03552         C2009 05 15.42369211 47 18.43 -51 08 55.1                r~072w432
03552         C2009 05 15.43671311 47 16.66 -51 08 53.5                r~072w432
03552         C2009 05 31.95756 11 19 46.14 -50 09 12.1          15.5 Cr~07KFI32
03552         C2009 05 31.95882 11 19 46.04 -50 09 11.8          15.5 Cr~07KFI32
03552         C2009 05 31.96008 11 19 45.92 -50 09 11.9          14.9 Cr~07KFI32
03552        SC2009 05 31.99063 11 19 43.94 -50 09 03.9                c~07KF808
03552        SC2009 05 31.99653 11 19 43.52 -50 09 02.4                c~07KF808
03552         C2009 06 01.00208 11 19 43.13 -50 09 01.0                c~07KF808
03552         C2009 06 01.00764 11 19 42.76 -50 08 59.2                c~07KF808
03552         C2009 06 02.00799 11 18 39.62 -50 04 42.7                c~07KF808
03552         C2009 06 02.01215 11 18 39.33 -50 04 41.6                c~07KF808
03552         C2009 06 02.01632 11 18 39.06 -50 04 40.5                c~07KF808
03552         C2009 06 02.02049 11 18 38.79 -50 04 39.4                c~07KF808
03552         C2009 06 11.35729211 12 13.71 -49 29 18.5                r~07TV432
03552         C2009 06 11.37230311 12 13.30 -49 29 15.3                r~07TV432
03552         C2009 06 11.38692111 12 12.92 -49 29 12.6                r~07TV432
03552         C2009 06 12.33704911 11 54.25 -49 26 21.0                r~07TV432
03552         C2009 06 12.35482611 11 53.86 -49 26 17.6                r~07TV432
03552         C2009 06 12.37016211 11 53.50 -49 26 14.7                r~07TV432
03552         C2009 06 23.33376211 12 37.21 -49 08 02.9                r~07Yh432
03552         C2009 06 23.34424811 12 37.44 -49 08 02.6                r~07Yh432
03552         C2009 06 23.35489611 12 37.66 -49 08 02.4                r~07Yh432
03552         C2009 07 07.03331 11 24 20.89 -49 33 49.4                r~07fsI21
03552         C2009 07 07.04116 11 24 21.45 -49 33 50.8                r~07fsI21
03552         C2009 07 07.04754 11 24 21.82 -49 33 52.6                r~07fsI21
03552         C2009 07 08.98688 11 26 59.56 -49 42 21.0                r~07fsI21
03552         C2009 07 08.99994 11 27 00.62 -49 42 24.7                r~07fsI21
03552         C2009 07 09.00725 11 27 01.22 -49 42 25.8          15.3 Cr~07fsI20
03552         C2009 07 09.00993 11 27 01.44 -49 42 26.4                r~07fsI21
03552         C2009 07 09.01224 11 27 01.63 -49 42 27.0          15.4 Cr~07fsI20
03552         C2009 07 09.01678 11 27 02.00 -49 42 28.1          15.4 Cr~07fsI20
03552         C2009 07 11.96129 11 31 29.97 -49 57 34.8                r~07fsI21
03552         C2009 07 12.06822 11 31 40.15 -49 58 07.9                r~07fsI21
03552         C2009 07 17.03444 11 40 35.02 -50 29 40.8          15.4 Cr~07fsI20
03552         C2009 07 17.04017 11 40 35.69 -50 29 43.0          15.4 Cr~07fsI20
03552         C2009 07 17.04565 11 40 36.34 -50 29 45.2          15.4 Cr~07fsI20
03552         C2009 07 17.39207211 41 17.73 -50 32 15.5                r~07mb432
03552         C2009 07 17.42130811 41 21.16 -50 32 27.1                r~07mb432
03552         C2009 07 20.33760411 47 30.89 -50 54 39.4                r~07mb432
03552         C2009 07 20.37148111 47 35.26 -50 54 54.6                r~07mb432
03552         C2009 07 20.38149311 47 36.55 -50 54 59.2                r~07mb432
03552         C2009 07 24.33647011 57 03.16 -51 28 43.8                r~07mb432
03552         C2009 07 24.36450211 57 07.34 -51 28 57.9                r~07mb432
03552         C2009 07 24.40391211 57 13.27 -51 29 17.8                r~07mb432
03552        |C2009 08 03.44860 12 27 33.46 -53 09 30.1          15.2 Co~08CnD90
03552        |C2009 08 03.45078 12 27 33.90 -53 09 31.6          15.2 Co~08CnD90
03552         C2009 08 06.05625 12 37 07.37 -53 37 21.7          15.3 Cr~08CnI20
03552         C2009 08 06.05832 12 37 07.84 -53 37 23.0          15.2 Cr~08CnI20
03552         C2009 08 06.06249 12 37 08.79 -53 37 25.4          15.3 Cr~08CnI20
03552         C2009 08 06.06612 12 37 09.63 -53 37 27.4          15.3 Cr~08CnI20
03552         C2009 08 08.35682912 46 13.31 -54 02 00.4                r~08I0432
03552         C2009 08 08.36296312 46 14.75 -54 02 04.0                r~08I0432
03552         C2009 08 08.41343812 46 27.04 -54 02 34.3                r~08I0432
03552         C2009 08 09.34953712 50 20.74 -54 12 30.7                r~08I0432
03552         C2009 08 09.38275512 50 29.02 -54 12 50.9                r~08I0432
03552         C2009 08 09.40674812 50 35.04 -54 13 05.2                r~08I0432
03552         C2009 08 16.99404 13 26 28.28 -55 26 57.7          15.0 Cr~08I0I20
03552         C2009 08 17.00376 13 26 31.32 -55 27 02.4          15.0 Cr~08I0I20
03552         C2009 08 17.00485 13 26 31.66 -55 27 02.9          15.0 Cr~08I0I20
03552        |C2009 08 17.52617 13 29 17.42 -55 31 22.0          14.7 Co~08I0D90
03552        |C2009 08 17.52810 13 29 18.00 -55 31 22.7                o~08I0D90
03552        |C2009 08 17.53003 13 29 18.60 -55 31 23.7                o~08I0D90
03552         C2009 08 24.09538 14 07 31.73 -56 12 57.3          14.9 Rc~08WD844
03552         C2009 08 24.09834 14 07 32.90 -56 12 57.7          15.0 Rc~08WD844
03552         C2009 08 24.10037 14 07 33.63 -56 12 58.0          14.8 Rc~08WD844
03552         C2009 08 24.10175 14 07 34.15 -56 12 58.3          15.2 Rc~08WD844
03552         C2009 08 24.10348 14 07 34.79 -56 12 58.6          15.1 Rc~08WD844
03552         C2009 08 24.11752 14 07 40.14 -56 13 01.2          15.1 Rc~08WD844
03552         C2009 08 24.11919 14 07 40.78 -56 13 01.6          15.1 Rc~08WD844
03552         C2009 08 29.04618 14 40 23.97 -56 20 21.1          14.9 Cr~08f7I19
03552         C2009 08 29.04892 14 40 25.12 -56 20 20.7          14.9 Cr~08f7I19
03552         C2009 08 29.05184 14 40 26.33 -56 20 20.3          14.9 Cr~08f7I19
03552        |C2009 09 19.46909 17 19 51.66 -49 49 07.0          14.6 Co~09OoD90
03552        |C2009 09 19.47166 17 19 52.74 -49 49 01.3          14.6 Co~09OoD90
03552        |C2009 09 19.47424 17 19 53.80 -49 48 55.5          14.7 Co~09OoD90
03552         C2009 09 25.11966 17 57 51.28 -45 57 49.3          14.8 Rr~09OoI19
03552         C2009 09 25.12233 17 57 52.29 -45 57 41.9          14.8 Rr~09OoI19
03552         C2009 09 25.12502 17 57 53.33 -45 57 34.9          14.8 Rr~09OoI19
03552         C2009 10 01.54718 18 36 08.84 -40 49 22.4          15.3 Rc~09t0D21
03552         C2009 10 01.54918 18 36 09.47 -40 49 16.7          15.3 Rc~09t0D21
03552         C2009 10 01.55117 18 36 10.14 -40 49 10.2          15.3 Rc~09t0D21
03552         C2009 10 03.01505 18 44 08.84 -39 34 19.6          14.9 Cr~09t0I20
03552         C2009 10 03.02431 18 44 11.77 -39 33 50.8          15.0 Cr~09t0I20
03552         C2009 10 03.02704 18 44 12.63 -39 33 42.4          14.9 Cr~09t0I20
03552         C2009 10 08.56655 19 12 03.64 -34 42 19.1          14.7 Rc~09t0D21
03552         C2009 10 08.56855 19 12 04.19 -34 42 12.9          14.9 Rc~09t0D21
03552         C2009 10 08.57058 19 12 04.76 -34 42 06.2          14.8 Rc~09t0D21
03552         C2009 10 15.54139 19 42 31.20 -28 32 21.9          15.5 Rc~0A0lD21
03552         C2009 10 15.54353 19 42 31.69 -28 32 15.1          15.5 Rc~0A0lD21
03552         C2009 10 15.54566 19 42 32.20 -28 32 08.3          15.5 Rc~0A0lD21
03552         C2009 10 16.79204 19 47 31.17 -27 27 19.7          15.3 Rw~0AJ6J35
03552         C2009 10 16.79370 19 47 31.64 -27 27 14.3          15.4 Rw~0AJ6J35
03552         C2009 10 16.79578 19 47 32.13 -27 27 08.0          15.2 Rw~0AJ6J35
03552        QC2009 10 22.47387 20 08 42.55 -22 39 07.5          15.7 Vr~0AJ6E12
03552        QC2009 10 22.48315 20 08 44.49 -22 38 40.0          15.8 Vr~0AJ6E12
03552        QC2009 10 22.49214 20 08 46.38 -22 38 13.2          15.6 Vr~0AJ6E12
03552        QC2009 10 22.50116 20 08 48.26 -22 37 46.5          15.5 Vr~0AJ6E12
03552         C2009 10 24.79097 20 16 43.87 -20 46 40.4          15.2 Cw~0AfcJ35
03552         C2009 10 24.79116 20 16 43.92 -20 46 40.0          15.7 Cw~0AfcJ35
03552         C2009 10 24.79201 20 16 44.09 -20 46 37.3          15.0 Cw~0AfcJ35
03552         C2009 10 26.74295 20 23 14.00 -19 14 15.3          16.0  o~0Gb2C20
03552         C2009 10 26.74446 20 23 14.29 -19 14 11.0          16.1  o~0Gb2C20
03552         C2009 10 27.73809 20 26 28.13 -18 28 03.0          16.6  o~0Gb2C20
03552         C2009 10 27.73956 20 26 28.41 -18 27 59.1          16.5  o~0Gb2C20
03552         C2009 10 28.38731 20 28 33.30 -17 58 14.0          15.3 Vr~0Afc379
03552         C2009 10 28.38918 20 28 33.67 -17 58 09.3          15.2 Vr~0Afc379
03552         C2009 10 28.39832 20 28 35.38 -17 57 44.1          15.5 Vr~0Afc379
03552         C2009 10 28.40019 20 28 35.73 -17 57 38.7          15.3 Vr~0Afc379
03552         C2009 10 28.73674 20 29 39.80 -17 42 18.7          16.1  o~0Gb2C20
03552         C2009 10 28.73821 20 29 40.08 -17 42 14.7          16.2  o~0Gb2C20
03552         C2009 10 30.83867 20 36 13.44 -16 08 08.7          15.8 Cr~0AvEA81
03552         C2009 10 30.84168 20 36 13.99 -16 08 00.6          15.4 Cr~0AvEA81
03552         C2009 10 30.84488 20 36 14.56 -16 07 52.2          15.6 Cr~0AvEA81
03552         C2009 11 01.06043 20 39 56.83 -15 14 43.2          16.0 Rr~0AvE448
03552         C2009 11 01.06186 20 39 57.08 -15 14 39.5          16.0 Rr~0AvE448
03552         C2009 11 01.06400 20 39 57.46 -15 14 34.0          15.8 Rr~0AvE448
03552         C2009 11 01.06615 20 39 57.85 -15 14 28.3          15.9 Rr~0AvE448
03552         C2009 11 01.06829 20 39 58.21 -15 14 23.0          16.0 Rr~0AvE448
03552         C2009 11 03.01737 20 45 45.99 -13 51 12.1          15.5 Rv~0AvEH47
03552         C2009 11 03.01965 20 45 46.39 -13 51 06.0          15.7 Rv~0AvEH47
03552         C2009 11 03.02367 20 45 47.06 -13 50 56.1          15.7 Rv~0AvEH47
03552         C2009 11 03.02521 20 45 47.36 -13 50 52.0          15.6 Rv~0AvEH47
03552         C2009 11 03.02679 20 45 47.63 -13 50 47.9          15.5 Rv~0AvEH47
03552         C2009 11 05.71905 20 53 32.62 -12 00 01.3          16.5  o~0Gb2C20
03552         C2009 11 05.72052 20 53 32.87 -11 59 57.7          16.3  o~0Gb2C20
03552         C2009 11 07.06350 20 57 18.88 -11 06 26.0          15.8 Ro~0B2zH47
03552         C2009 11 07.06515 20 57 19.17 -11 06 22.3          15.8 Ro~0B2zH47
03552         C2009 11 07.06660 20 57 19.43 -11 06 18.5          15.8 Ro~0B2zH47
03552         C2009 11 08.02397 20 59 58.33 -10 28 51.7          15.8 Ro~0B2zH47
03552         C2009 11 08.02565 20 59 58.58 -10 28 48.2          15.7 Ro~0B2zH47
03552         C2009 11 08.02844 20 59 59.05 -10 28 41.4          15.8 Ro~0B2zH47
03552         C2009 11 08.02995 20 59 59.30 -10 28 38.0          15.7 Ro~0B2zH47
03552        |C2009 11 11.14868 21 08 24.11 -08 30 38.1          16.1 Co~0Bq9H06
03552        |C2009 11 11.15212 21 08 24.67 -08 30 29.7          16.1 Co~0Bq9H06
03552         C2009 11 12.05028 21 10 47.05 -07 57 37.2          16.1 Ro~0B2zH47
03552         C2009 11 12.05485 21 10 47.74 -07 57 27.5          16.0 Ro~0B2zH47
03552         C2009 11 12.06024 21 10 48.56 -07 57 15.8          15.9 Ro~0B2zH47
03552         C2009 11 14.05426 21 15 59.40 -06 46 00.3          15.2 Ro~0BKlH47
03552         C2009 11 14.05655 21 15 59.88 -06 45 53.7          15.6 Ro~0BKlH47
03552         C2009 11 14.05830 21 16 00.19 -06 45 50.1          15.8 Ro~0BKlH47
03552         C2009 11 14.38528 21 16 50.65 -06 34 22.3          16.6 Vr~0BKl379
03552         C2009 11 14.38715 21 16 50.93 -06 34 18.3          16.6 Vr~0BKl379
03552         C2009 11 14.40076 21 16 52.99 -06 33 50.1          16.4 Vr~0BKl379
03552         C2009 11 14.40264 21 16 53.30 -06 33 45.8          16.0 Vr~0BKl379
03552         C2009 11 14.40451 21 16 53.58 -06 33 42.0          16.5 Vr~0BKl379
03552         C2009 11 16.06693 21 21 07.38 -05 36 20.5          16.6  c~0BKl704
03552         C2009 11 16.07949 21 21 09.21 -05 35 55.2          16.6  c~0BKl704
03552         C2009 11 16.09204 21 21 11.11 -05 35 28.3          16.5  c~0BKl704
03552         C2009 11 16.10461 21 21 12.99 -05 35 03.4          16.5  c~0BKl704
03552         C2009 11 16.11717 21 21 14.86 -05 34 37.8          16.4  c~0BKl704
03552         C2009 11 18.79473 21 27 55.06 -04 05 32.4          16.3  o~0Gb2C20
03552         C2009 11 21.77634 21 35 10.23 -02 30 43.2          16.0  o~0Gb2C20
03552         C2009 11 21.77781 21 35 10.44 -02 30 40.6          16.0  o~0Gb2C20
03552         C2009 11 24.00983 21 40 29.73 -01 22 32.7          15.7 Ro~0Bq9H47
03552         C2009 11 24.01308 21 40 30.18 -01 22 26.8          15.7 Ro~0Bq9H47
03552         C2009 11 24.01651 21 40 30.67 -01 22 20.7          15.7 Ro~0Bq9H47
03552         C2009 11 24.77350 21 42 17.45 -00 59 47.5                o~0Gb2C20
03552         C2009 11 24.77497 21 42 17.68 -00 59 44.9          17.0  o~0Gb2C20
03552         C2009 12 01.74478 21 58 17.52 +02 16 14.4          17.6  o~0Gb2C20
03552         C2009 12 01.74625 21 58 17.69 +02 16 16.8          17.9  o~0Gb2C20
03552         C2009 12 02.76330 22 00 34.28 +02 43 13.5          16.8  o~0Gb2C20
03552         C2009 12 02.76477 22 00 34.47 +02 43 16.1          16.7  o~0Gb2C20
03552         C2009 12 02.77671 22 00 36.16 +02 43 34.4          16.6 Cw~0CCH160
03552         C2009 12 02.77872 22 00 36.41 +02 43 37.8          15.6 Cw~0CCH160
03552         C2009 12 02.78072 22 00 36.69 +02 43 40.9          15.7 Cw~0CCH160
03552         C2009 12 03.74962 22 02 46.01 +03 08 59.2          16.8  o~0Gb2C20
03552         C2009 12 03.99618 22 03 18.92 +03 15 22.6                o~0CCHI15
03552         C2009 12 04.00350 22 03 19.85 +03 15 34.0                o~0CCHI15
03552         C2009 12 04.01083 22 03 20.83 +03 15 45.3                o~0CCHI15
03552         C2009 12 04.75972 22 05 00.15 +03 34 58.9          17.9  o~0Gb2C20
03552         C2009 12 05.77626 22 07 14.54 +04 00 48.2          16.3 Cw~0CCH160
03552         C2009 12 05.77779 22 07 14.74 +04 00 50.4          16.1 Cw~0CCH160
03552         C2009 12 05.77932 22 07 14.94 +04 00 52.8          16.1 Cw~0CCH160
03552         C2009 12 07.04611 22 10 01.28 +04 32 32.9                o~0CCHI15
03552         C2009 12 07.05335 22 10 02.21 +04 32 43.1                o~0CCHI15
03552         C2009 12 07.06204 22 10 03.35 +04 32 56.2                o~0CCHI15
03552         C2009 12 09.68013 22 15 44.08 +05 36 39.6          16.7  o~0Gb2C20
03552         C2009 12 09.74854 22 15 52.94 +05 38 17.3          16.5 Rr~0CMZ130
03552         C2009 12 09.74908 22 15 53.02 +05 38 18.5          16.8 Rr~0CMZ130
03552         C2009 12 09.74962 22 15 53.09 +05 38 18.7          16.7 Rr~0CMZ130
03552         C2009 12 09.75044 22 15 53.18 +05 38 20.0          16.6 Rr~0CMZ130
03552         C2009 12 09.78540 22 15 57.66 +05 39 10.1          17.0 Cw~0CCH160
03552         C2009 12 09.78697 22 15 57.86 +05 39 12.5          16.9 Cw~0CCH160
03552         C2009 12 09.78852 22 15 58.06 +05 39 14.7          16.9 Cw~0CCH160
03552         C2009 12 10.76723 22 18 04.24 +06 02 28.7          16.7  o~0Gb2C20
03552         C2009 12 11.03170 22 18 38.37 +06 08 42.3          16.5 Rr~0CCHH53
03552         C2009 12 11.03315 22 18 38.57 +06 08 44.2          16.5 Rr~0CCHH53
03552         C2009 12 11.03455 22 18 38.70 +06 08 46.6          16.6 Rr~0CCHH53
03552         C2009 12 11.03598 22 18 38.91 +06 08 48.7          16.5 Rr~0CCHH53
03552         C2009 12 11.03737 22 18 39.11 +06 08 50.4          16.6 Rr~0CCHH53
03552         C2009 12 11.03876 22 18 39.30 +06 08 52.5          16.6 Rr~0CCHH53
03552         C2009 12 11.68555 22 20 02.33 +06 24 00.8          16.9  o~0Gb2C20
03552         C2009 12 11.68702 22 20 02.51 +06 24 02.8          16.9  o~0Gb2C20
03552         C2009 12 13.07948 22 23 00.59 +06 56 14.1          16.9  c~0CMZ704
03552         C2009 12 13.09245 22 23 02.22 +06 56 31.8          17.6  c~0CMZ704
03552         C2009 12 13.10545 22 23 03.85 +06 56 49.6          17.6  c~0CMZ704
03552         C2009 12 13.11847 22 23 05.50 +06 57 07.4          17.4  c~0CMZ704
03552         C2009 12 13.13147 22 23 07.14 +06 57 25.2          17.0  c~0CMZ704
03552        1C2009 12 15.68622 22 28 31.42 +07 54 57.3          17.1  o~0GGQ084
03552        1C2009 12 15.68778 22 28 31.61 +07 54 59.7          17.7  o~0GGQ084
03552         C2009 12 17.72648 22 32 47.99 +08 39 42.0          16.8  o~0Gb2C20
03552         C2009 12 17.72795 22 32 48.18 +08 39 43.9          16.8  o~0Gb2C20
03552        1C2009 12 17.76166 22 32 52.45 +08 40 26.6          17.2  o~0GGQ084
03552        1C2009 12 17.76395 22 32 52.77 +08 40 29.8          17.2  o~0GGQ084
03552        1C2009 12 18.63721 22 34 42.21 +08 59 18.9          18.0  o~0GGQ084
03552        1C2009 12 19.66920 22 36 50.94 +09 21 17.9          17.0  o~0GGQ084
03552         C2009 12 20.76694 22 39 07.40 +09 44 25.9          16.8 Rc~0ChcB20
03552         C2009 12 20.77153 22 39 07.99 +09 44 31.9          16.9 Rc~0ChcB20
03552         C2009 12 20.77667 22 39 08.62 +09 44 38.6          16.5 Rc~0ChcB20
03552        KC2010 01 01.05096 23 02 06.30 +13 27 06.7          16.1 Rr~0Cu6448
03552        KC2010 01 01.05311 23 02 06.57 +13 27 08.8          16.9 Rr~0Cu6448
03552        KC2010 01 01.05488 23 02 06.78 +13 27 10.7          16.9 Rr~0Cu6448
03552        KC2010 01 01.05632 23 02 06.95 +13 27 12.3          16.6 Rr~0Cu6448
03552        KC2010 01 01.05857 23 02 07.23 +13 27 15.1          16.7 Rr~0Cu6448
03552        KC2010 01 02.75689 23 05 31.42 +13 58 38.7                u~0Cu6160
03552        KC2010 01 02.75766 23 05 31.47 +13 58 39.8          17.5 Cu~0Cu6160
03552        KC2010 01 02.75843 23 05 31.58 +13 58 41.0          17.4 Cu~0Cu6160
03552        KC2010 01 02.75920 23 05 31.63 +13 58 41.5          17.2 Cu~0Cu6160
03552         C2010 01 03.03029 23 06 04.17 +14 03 40.6          17.2 Rc~0DkPH53
03552         C2010 01 03.03178 23 06 04.42 +14 03 43.0          17.2 Rc~0DkPH53
03552         C2010 01 03.03317 23 06 04.54 +14 03 43.8          17.0 Rc~0DkPH53
03552         C2010 01 03.03466 23 06 04.62 +14 03 45.4          17.2 Rc~0DkPH53
03552         C2010 01 03.03605 23 06 04.83 +14 03 47.6          17.3 Rc~0DkPH53
03552         C2010 01 03.03745 23 06 04.95 +14 03 48.1          17.2 Rc~0DkPH53
03552         C2010 01 07.69069 23 15 20.51 +15 27 12.7          17.1  u~0JgoC20
03552         C2010 01 07.69217 23 15 20.70 +15 27 14.3          17.2  u~0JgoC20
03552         C2010 01 08.69958 23 17 20.33 +15 44 51.7          17.5  u~0JgoC20
03552         C2010 01 08.70105 23 17 20.52 +15 44 53.2          17.5  u~0JgoC20
03552         C2010 01 13.06576 23 25 56.69 +16 59 35.6          17.0 Rr~0D7kH53
03552        KC2010 01 13.06956 23 25 57.13 +16 59 40.0          17.8 Cu~0D7k448
03552         C2010 01 13.06995 23 25 57.19 +16 59 40.3          17.1 Rr~0D7kH53
03552         C2010 01 13.07204 23 25 57.45 +16 59 42.1          17.1 Rr~0D7kH53
03552        KC2010 01 13.07335 23 25 57.59 +16 59 43.8          17.6 Cu~0D7k448
03552         C2010 01 13.07412 23 25 57.63 +16 59 44.2          17.1 Rr~0D7kH53
03552         C2010 01 13.07620 23 25 57.95 +16 59 46.0          17.0 Rr~0D7kH53
03552        KC2010 01 13.07667 23 25 57.97 +16 59 47.1          17.7 Cu~0D7k448
03552         C2010 01 14.08182 23 27 56.37 +17 16 37.0          16.8 Rr~0D7kH53
03552         C2010 01 14.08390 23 27 56.63 +17 16 39.3          16.9 Rr~0D7kH53
03552         C2010 01 14.08598 23 27 56.81 +17 16 40.4          16.7 Rr~0D7kH53
03552         C2010 01 14.08807 23 27 57.03 +17 16 43.5          16.8 Rr~0D7kH53
03552         C2010 01 14.09015 23 27 57.34 +17 16 44.9          16.7 Rr~0D7kH53
03552         C2010 01 14.09225 23 27 57.48 +17 16 47.5          17.0 Rr~0D7kH53
03552         C2010 01 18.04178 23 35 41.24 +18 21 44.1          17.3 Rr~0DLeH53
03552         C2010 01 18.04388 23 35 41.51 +18 21 46.0          17.3 Rr~0DLeH53
03552         C2010 01 18.04595 23 35 41.81 +18 21 48.3          17.4 Rr~0DLeH53
03552         C2010 01 18.04950 23 35 42.20 +18 21 51.9          17.6 Rr~0DLeH53
03552         C2010 01 18.05238 23 35 42.45 +18 21 54.0          17.6 Rr~0DLeH53
03552         C2010 01 18.05448 23 35 42.78 +18 21 56.4          17.1 Rr~0DLeH53
03552        1C2010 01 18.66367 23 36 54.19 +18 31 45.5          16.4  u~0Jgo084
03552        1C2010 01 18.66593 23 36 54.41 +18 31 48.2          16.8  u~0Jgo084
03552         C2010 01 18.71553 23 37 00.12 +18 32 36.6          17.5  u~0JgoC20
03552         C2010 01 18.71699 23 37 00.29 +18 32 37.9          17.5  u~0JgoC20
03552        KC2010 01 18.71715 23 37 00.37 +18 32 41.2          17.7 Cw~0DLe160
03552        KC2010 01 18.71834 23 37 00.49 +18 32 40.3          17.2 Cw~0DLe160
03552        KC2010 01 18.71919 23 37 00.67 +18 32 41.2          17.5 Cw~0DLe160
03552        KC2010 01 19.70729 23 38 56.23 +18 48 33.0          17.8 Cu~0DLe160
03552        KC2010 01 19.70884 23 38 56.37 +18 48 34.3          18.1 Cu~0DLe160
03552        KC2010 01 19.71037 23 38 56.53 +18 48 36.0          17.9 Cu~0DLe160
03552        KC2010 01 21.71192 23 42 50.17 +19 20 25.0          17.9 Cu~0DYV160
03552        KC2010 01 21.71402 23 42 50.39 +19 20 27.3          17.5 Cu~0DYV160
03552        KC2010 01 21.71611 23 42 50.65 +19 20 29.3          17.6 Cu~0DYV160
03552        KC2010 01 23.73997 23 46 46.39 +19 52 12.6          18.1 Cu~0DYV160
03552        KC2010 01 23.74150 23 46 46.49 +19 52 14.2          18.1 Cu~0DYV160
03552        KC2010 01 23.74301 23 46 46.66 +19 52 15.7          18.0 Cu~0DYV160
03552         C2010 01 27.05679 23 53 11.38 +20 43 16.5          17.3 Rr~0DYVH53
03552         C2010 01 27.05962 23 53 11.93 +20 43 19.9          17.0 Rr~0DYVH53
03552         C2010 01 27.06206 23 53 11.87 +20 43 22.5          17.1 Rr~0DYVH53
03552         C2010 01 27.06448 23 53 12.39 +20 43 23.4          17.2 Rr~0DYVH53
03552         C2010 01 27.06692 23 53 12.61 +20 43 26.7          17.2 Rr~0DYVH53
03552         C2010 01 27.06935 23 53 12.80 +20 43 29.0          17.0 Rr~0DYVH53
03552         C2010 02 06.68656 00 13 37.93 +23 19 41.4          17.6  u~0JgoC20
03552         C2010 02 06.68803 00 13 38.08 +23 19 42.8          17.5  u~0JgoC20
03552        KC2010 02 07.77149 00 15 42.57 +23 35 06.2          17.4 Cu~0E4X160
03552        KC2010 02 07.77191 00 15 42.59 +23 35 06.4          17.7 Cu~0E4X160
03552         C2010 02 14.08996 00 27 47.16 +25 02 52.3          18.0 Vr~0E4X703
03552         C2010 02 14.09266 00 27 47.52 +25 02 54.9          17.9 Vr~0E4X703
03552         C2010 02 14.09538 00 27 47.80 +25 02 57.6          17.9 Vr~0E4X703
03552         C2010 02 14.09812 00 27 48.20 +25 02 59.8          17.7 Vr~0E4X703
03552         C2010 02 16.71436 00 32 47.61 +25 38 24.2          18.2  u~0JgoC20
03552         C2010 02 20.65489 00 40 18.04 +26 30 48.0          18.8  u~0JgoC20
03552         C2010 02 20.65636 00 40 18.21 +26 30 49.4          18.5  u~0JgoC20
03552         C2010 02 24.71559 00 48 01.47 +27 23 36.7          18.0  u~0JgoC20
03552         C2010 02 24.71706 00 48 01.63 +27 23 37.9          18.0  u~0JgoC20
03552         C2010 02 25.72045 00 49 56.02 +27 36 29.6          18.0  u~0JgoC20
03552         C2010 02 25.72191 00 49 56.19 +27 36 31.1          17.8  u~0JgoC20
03552         C2010 02 26.68864 00 51 46.39 +27 48 51.0          18.1  u~0JgoC20
03552         C2010 02 26.69018 00 51 46.54 +27 48 51.9          18.1  u~0JgoC20
03552         C2010 02 26.71122 00 51 48.98 +27 49 08.2          18.5  u~0JgoC20
03552         C2010 03 01.72114 00 57 31.80 +28 27 05.9          18.0  u~0JgoC20
03552         C2010 03 01.72261 00 57 31.97 +28 27 06.5          18.4  u~0JgpC20
03552         C2010 03 03.66533 01 01 13.10 +28 51 17.6          18.3  u~0JgpC20
03552         C2010 03 03.66679 01 01 13.27 +28 51 18.8          18.1  u~0JgpC20
03552         C2010 03 04.68251 01 03 08.85 +29 03 50.4          18.6  u~0JgpC20
03552         C2010 03 04.68397 01 03 09.01 +29 03 51.9          19.1  u~0JgpC20
03552         C2010 03 07.70455 01 08 52.60 +29 40 43.8          18.6  u~0JgpC20
03552         C2010 03 07.70602 01 08 52.78 +29 40 45.0          18.5  u~0JgpC20
03552         C2010 03 23.70198 01 39 10.70 +32 46 11.6          18.1  u~0JgpC20
03552         C2010 03 23.70345 01 39 10.86 +32 46 12.9          18.3  u~0JgpC20
03552         C2010 09 15.45512 06 26 26.95 +53 47 57.6          19.0 Vr~0MzD703
03552         C2010 09 15.46101 06 26 27.09 +53 48 01.2          19.2 Vr~0MzD703
03552         C2010 09 15.46686 06 26 27.38 +53 48 03.6          18.7 Vr~0MzD703
03552         C2010 09 15.47273 06 26 27.70 +53 48 05.3          19.4 Vr~0MzD703
03552         S2010 09 27.57202 06 34 46.66 +55 10 42.2                L~0NLZC51
03552         s2010 09 27.57202 1 -  954.2860 + 3849.7193 + 5646.1815   ~0NLZC51
03552         S2010 09 27.70432 06 34 50.91 +55 11 36.8                L~0NLZC51
03552         s2010 09 27.70432 1 -  962.6663 + 3867.1138 + 5632.5647   ~0NLZC51
03552         S2010 09 28.29950 06 35 09.93 +55 15 51.3                L~0NLZC51
03552         s2010 09 28.29950 1 - 1002.6336 + 3842.9966 + 5642.1350   ~0NLZC51
03552         S2010 09 28.43180 06 35 13.96 +55 16 46.1                L~0NLZC51
03552         s2010 09 28.43180 1 - 1010.6438 + 3860.7881 + 5628.4136   ~0NLZC51
03552         C2010 10 29.38572 06 37 12.13 +59 06 21.5          19.0  c~0OT4704
03552         C2010 10 29.39811 06 37 11.74 +59 06 27.2          19.1  c~0OT4704
03552         C2010 10 29.41051 06 37 11.44 +59 06 31.6          19.1  c~0OT4704
03552         C2012 01 02.57282 07 57 53.889+54 16 41.25         21.0 gL~0c1AF51
03552         C2012 01 02.58494 07 57 53.183+54 16 42.51         21.3 gL~0c1AF51
03552         C2012 01 06.39178 07 54 07.485+54 23 47.63         20.3 iL~0cIlF51
03552         C2012 01 06.40565 07 54 06.642+54 23 48.87         20.3 iL~0cIlF51
03552        KC2012 02 23.03037 07 12 50.40 +53 11 55.4          19.7 Rd~0dqeB66
03552         C2015 01 29.56506 10 13 49.174+30 41 15.06         20.9 wL~1I77F51
03552         C2015 01 29.57600 10 13 48.801+30 41 16.78         21.0 wL~1I77F51
03552         C2015 01 29.58697 10 13 48.418+30 41 18.65         20.9 wL~1I77F51
03552         C2015 01 29.59794 10 13 48.052+30 41 20.53         20.9 wL~1I77F51
03552         C2015 03 16.24850 09 46 27.304+31 48 05.24         21.0 wL~1NE9F51
03552         C2015 03 16.26152 09 46 26.881+31 48 04.92         21.1 wL~1NE9F51
03552         C2015 03 16.27449 09 46 26.478+31 48 04.67         21.0 wL~1NE9F51
03552         C2015 03 16.28745 09 46 26.057+31 48 04.69         20.9 wL~1NE9F51
03552         C2016 01 21.45656 10 59 14.484+19 14 39.91         20.2 iL~1jCDF51
03552         C2016 01 21.47079 10 59 14.133+19 14 42.17         20.2 iL~1jCDF51
03552         C2016 01 21.48489 10 59 13.753+19 14 44.48         20.1 iL~1jCDF51
03552         C2016 02 03.35422 10 53 00.15 +19 50 25.0          20.4 Vq~1k8UG96
03552         C2016 02 03.36249 10 52 59.91 +19 50 26.6          20.4 Vq~1k8UG96
03552         C2016 02 03.37073 10 52 59.59 +19 50 27.7          20.1 Vq~1k8UG96
03552         C2016 02 03.37897 10 52 59.33 +19 50 29.4          20.4 Vq~1k8UG96
03552         C2016 02 03.42031 10 52 58.017+19 50 36.49         20.6 wL~1k8UF51
03552         C2016 02 03.43218 10 52 57.627+19 50 38.55         20.6 wL~1k8UF51
03552         C2016 02 03.44408 10 52 57.236+19 50 40.63         20.7 wL~1k8UF51
03552         C2016 02 03.45607 10 52 56.824+19 50 42.65         20.6 wL~1k8UF51
03552         C2016 02 14.20818 10 46 36.50 +20 20 49.5          20.8 rRED021G45
03552         C2016 02 14.21290 10 46 36.32 +20 20 50.6          20.4 rRED021G45
03552         C2016 02 14.21829 10 46 36.13 +20 20 51.5          21.0 rRED021G45
03552         C2016 02 14.22317 10 46 35.92 +20 20 51.8          20.4 rRED021G45